
D:\home\working\CSharp\ConsoleSerialDllDemo\bin\Debug>del /F AxisBridge.dll 

D:\home\working\CSharp\ConsoleSerialDllDemo\bin\Debug>copy D:\home\working\build-AxisBridge-Desktop_Qt_5_15_2_MSVC2019_32bit-Release\release\AxisBridge.dll . 
已复制         1 个文件。

D:\home\working\CSharp\ConsoleSerialDllDemo\bin\Debug>ConsoleSerialDllDemo.exe
code = 979, status = CONNECTED, sensel_area = 2.25
code = 0, status = CLOSED, sensel_area = 2.25
code = 0, status = OPENED, sensel_area = 2.25
wait until connected: status = OPENED
code = 979, status = TO_SAMPLE, sensel_area = 2.25
code = 979, row = 45, col = 18
 00 00 00 00 00 00 00 00 00 00 00 00 00 00 00 00 00 00 00 00 00 00 00 00 00 00 00 00 00 00 00 00 00 00 00 00 00 00 00 00 00 00 00 00 00
 00 00 00 00 00 00 00 00 00 00 00 00 00 00 00 00 00 00 00 00 00 00 00 00 00 00 00 00 00 00 00 00 03 09 11 08 0a 13 08 09 0c 00 00 00 00
 00 00 00 00 00 00 00 00 00 00 00 00 00 00 00 00 00 00 00 00 00 00 00 00 00 00 09 00 00 07 08 14 1d 1d 20 0f 13 1a 1b 15 0d 00 00 00 00
 00 00 00 00 00 00 00 00 00 00 00 00 00 00 00 00 00 00 00 00 00 00 00 05 0f 10 1b 14 15 1f 17 1b 20 26 29 25 25 17 10 10 17 06 00 00 00
 00 00 00 00 00 00 00 00 00 00 00 00 00 00 00 00 00 00 00 00 00 00 14 18 23 25 2e 26 28 34 27 1b 1b 2f 26 1c 20 19 14 0c 0b 00 00 00 00
 00 00 00 00 00 00 00 00 00 00 00 00 00 00 00 00 00 00 00 00 00 10 21 21 2a 24 2c 34 31 3c 33 23 20 3c 3a 29 1f 13 01 00 00 00 00 00 00
 00 00 00 00 00 00 00 00 00 00 00 00 00 00 00 00 00 00 00 00 0c 29 38 3b 37 32 4d 53 3a 39 34 33 31 2d 21 18 0f 01 00 00 00 00 00 00 00
 00 00 00 00 00 00 00 00 00 00 00 00 00 00 00 00 00 00 00 03 27 50 65 66 5d 56 50 51 46 48 39 3a 2d 31 16 09 00 00 00 00 00 00 00 00 00
 00 00 00 00 00 00 00 00 00 00 00 00 00 00 00 00 00 00 00 0c 31 48 71 8c 6d 5e 45 47 40 31 29 20 11 0d 00 00 00 00 00 00 00 00 00 00 00
 00 00 00 00 00 00 00 00 00 00 00 00 00 00 00 00 00 00 05 1f 54 7f 98 a1 7f 5b 42 49 40 2f 11 07 00 00 00 00 00 00 00 00 00 00 00 00 00
 02 01 00 00 00 00 00 00 00 00 00 00 00 00 00 00 00 00 0e 32 5c 76 70 7a 69 51 42 45 3a 1e 03 00 00 00 00 00 00 00 00 00 00 00 00 00 00
 00 00 00 00 00 00 00 04 00 00 00 00 00 00 00 00 00 00 0c 1f 61 6a 5a 50 34 33 29 2c 1a 00 00 00 00 00 00 00 00 00 00 00 00 00 00 00 00
 00 00 00 00 00 00 00 00 00 00 00 00 00 00 00 00 00 00 00 27 8d 9c 7f 60 48 38 1f 25 17 05 00 00 00 00 00 00 00 00 00 00 00 00 00 00 00
 00 00 00 00 00 00 00 00 00 00 00 00 00 00 00 00 00 00 00 0a 57 55 43 38 2a 25 27 26 1d 0a 00 00 00 00 00 00 00 00 00 00 00 00 00 00 00
 00 00 00 00 00 00 00 00 00 00 00 00 00 00 00 00 00 00 00 10 83 92 84 72 60 59 55 4a 33 2b 0f 1b 17 22 1a 12 10 08 08 02 07 0a 00 00 00
 00 00 00 00 00 00 00 00 00 00 00 00 00 00 00 00 00 00 00 09 47 75 72 73 68 67 64 4d 2e 30 1a 24 1b 25 28 24 19 17 1e 16 0f 17 00 00 00
 00 00 00 00 00 00 00 00 00 00 00 00 00 00 00 00 00 00 00 06 2b 56 5f 83 9d 90 7e 5b 38 35 26 2b 24 23 2d 32 2f 28 1e 1a 1a 21 00 00 00
 00 00 00 00 00 00 00 00 00 00 00 00 00 00 00 00 00 00 00 04 26 55 6b 79 90 7b 6e 56 54 49 3e 34 2d 28 22 24 26 2d 2f 22 23 27 00 00 00
code = 769, row = 45, col = 18
 00 00 00 00 00 00 00 00 00 00 00 00 00 00 00 00 00 00 00 00 00 00 00 00 00 00 00 00 00 00 00 00 00 00 00 00 00 00 00 00 00 00 00 00 00
 00 00 00 00 00 00 00 00 00 00 00 00 00 00 00 00 00 00 00 00 00 00 00 00 00 00 00 00 00 00 00 00 06 0a 11 07 0b 13 09 09 0f 00 00 00 00
 00 00 00 00 00 00 00 00 00 00 00 00 00 00 00 00 00 00 00 00 00 00 00 00 00 00 0c 00 01 08 0a 16 1f 1d 21 0f 14 1b 1b 17 11 01 00 00 00
 00 00 00 00 00 00 00 00 00 00 00 00 00 00 00 00 00 00 00 00 00 00 00 06 0f 11 1b 15 16 1f 18 1c 22 26 2a 25 27 19 10 12 19 08 00 00 00
 00 00 00 00 00 00 00 00 00 00 00 00 00 00 00 00 00 00 00 00 00 01 14 1b 25 24 2d 2a 2a 36 2a 1e 1f 31 24 1f 1e 1c 19 0f 0e 02 00 00 00
 00 00 00 00 00 00 00 00 00 00 00 00 00 00 00 00 00 00 00 00 00 12 23 24 2b 23 2b 35 34 3f 36 26 22 3f 39 2d 1f 16 04 02 01 00 00 00 00
 00 00 00 00 00 00 00 00 00 00 00 00 00 00 00 00 00 00 00 00 0c 2a 39 3a 39 34 4f 55 3c 39 36 34 33 2d 22 16 0f 00 00 00 00 00 00 00 00
 00 00 00 00 00 00 00 00 00 00 00 00 00 00 00 00 00 00 00 03 26 50 66 67 5f 58 51 52 46 49 3a 3a 2d 31 18 0a 00 00 00 00 00 00 00 00 00
 00 00 00 00 00 00 00 00 00 00 00 00 00 00 00 00 00 00 00 0c 32 49 73 90 71 60 45 48 41 33 29 20 13 0c 01 00 00 00 00 00 00 00 00 00 00
 00 00 00 00 00 00 00 00 00 00 00 00 00 00 00 00 00 00 06 1f 54 80 9e a6 84 5e 42 48 43 30 11 08 00 00 00 00 00 00 00 00 00 00 00 00 00
 00 01 00 00 00 00 00 00 00 00 00 00 00 00 00 00 00 00 0f 32 5c 77 73 7b 6c 53 43 45 3b 20 04 00 00 00 00 00 00 00 00 00 00 00 00 00 00
 00 00 00 00 00 00 00 06 00 00 00 00 00 00 00 00 00 00 0c 1f 62 6d 5c 50 31 33 2a 2d 1c 00 00 00 00 00 00 00 00 00 00 00 00 00 00 00 00
 00 00 00 00 00 00 00 00 00 00 00 00 00 00 00 00 00 00 00 27 8f 9c 83 63 49 3a 21 25 16 05 00 00 00 00 00 00 00 00 00 00 00 00 00 00 00
 00 00 00 00 00 00 00 00 00 00 00 00 00 00 00 00 00 00 00 08 57 54 42 38 2a 26 27 25 1e 09 00 00 00 00 00 00 00 00 00 00 00 00 00 00 00
 00 00 00 00 00 00 00 00 00 00 00 00 00 00 00 00 00 00 00 0c 80 91 81 71 5e 5a 58 48 31 2a 0e 19 17 21 1d 12 11 06 08 01 08 0a 00 00 00
 00 00 00 00 00 00 00 00 00 00 00 00 00 00 00 00 00 00 00 07 46 73 70 72 64 66 63 4b 2e 2f 17 23 1c 23 2c 23 1a 16 1d 15 0e 17 00 00 00
 00 00 00 00 00 00 00 00 00 00 00 00 00 00 00 00 00 00 00 06 2a 53 5a 7d 94 89 79 59 37 32 24 2a 22 22 31 30 31 27 1e 18 19 21 00 00 00
 00 00 00 00 00 00 00 00 00 00 00 00 00 00 00 00 00 00 00 02 23 51 67 71 88 76 6b 51 51 47 3c 33 2b 26 24 23 27 29 2c 21 22 27 00 00 00
code = 769, row = 45, col = 18
 00 00 00 00 00 00 00 00 00 00 00 00 00 00 00 00 00 00 00 00 00 00 00 00 00 00 00 00 00 00 00 00 00 00 00 00 00 00 00 00 00 00 00 00 00
 00 00 00 00 00 00 00 00 00 00 00 00 00 00 00 00 00 00 00 00 00 00 00 00 00 00 00 00 00 00 00 00 04 0c 14 08 0e 12 07 09 0f 00 00 00 00
 00 00 00 00 00 00 00 00 00 00 00 00 00 00 00 00 00 00 00 00 00 00 00 00 04 00 0d 06 06 0b 10 1b 24 21 22 12 12 1e 1f 1c 15 06 00 00 00
 00 00 00 00 00 00 00 00 00 00 00 00 00 00 00 00 00 00 00 00 00 00 00 08 12 11 1a 18 19 22 1b 1e 24 27 27 26 26 1c 14 14 1d 0c 00 00 00
 00 00 00 00 00 00 00 00 00 00 00 00 00 00 00 00 00 00 00 00 00 05 15 1e 26 23 2b 2c 2c 36 2c 1f 21 34 23 22 1e 1f 1b 12 12 06 00 00 00
 00 00 00 00 00 00 00 00 00 00 00 00 00 00 00 00 00 00 00 00 02 10 21 24 2b 21 28 35 35 41 39 29 23 41 38 2e 1e 1a 07 05 02 01 00 00 00
 00 00 00 00 00 00 00 00 00 00 00 00 00 00 00 00 00 00 00 00 0d 28 35 39 39 33 4c 53 3b 37 36 35 33 2e 21 19 11 01 00 00 00 00 00 00 00
 00 00 00 00 00 00 00 00 00 00 00 00 00 00 00 00 00 00 00 03 25 4f 65 68 5e 58 50 51 46 48 3a 3b 2d 31 17 08 00 00 00 00 00 00 00 00 00
 00 00 00 00 00 00 00 00 00 00 00 00 00 00 00 00 00 00 00 0a 31 49 71 8b 6e 60 43 48 40 32 28 1f 11 0c 01 00 00 00 00 00 00 00 00 00 00
 00 00 00 00 00 00 00 00 00 00 00 00 00 00 00 00 00 00 04 1e 53 80 9b 9f 7d 5d 40 46 41 2e 10 07 00 00 00 00 00 00 00 00 00 00 00 00 00
 00 01 00 00 00 00 00 00 00 00 00 00 00 00 00 00 00 00 0b 30 5c 76 73 77 68 51 42 43 38 1d 04 00 00 00 00 00 00 00 00 00 00 00 00 00 00
 00 00 00 00 00 00 00 06 00 00 00 00 00 00 00 00 00 00 03 1d 63 6d 5e 4f 2f 33 28 2b 1c 00 00 00 00 00 00 00 00 00 00 00 00 00 00 00 00
 00 00 00 00 00 00 00 00 00 00 00 00 00 00 00 00 00 00 00 27 91 a0 85 66 49 37 1d 26 19 06 00 00 00 00 00 00 00 00 00 00 00 00 00 00 00
 00 00 00 00 00 00 00 00 00 00 00 00 00 00 00 00 00 00 00 08 57 57 44 37 2b 25 25 26 1f 0c 00 04 02 00 00 00 00 00 00 00 00 00 00 00 00
 00 00 00 00 00 00 00 00 00 00 00 00 00 00 00 00 00 00 00 0c 80 96 86 75 62 59 57 4c 33 2c 11 1d 1b 22 1c 15 10 08 0a 02 0a 0c 00 00 00
 00 00 00 00 00 00 00 00 00 00 00 00 00 00 00 00 00 00 00 07 46 79 75 78 67 65 64 4f 31 32 1a 25 1e 26 2c 24 18 17 1e 18 0f 1b 00 00 00
 00 00 00 00 00 00 00 00 00 00 00 00 00 00 00 00 00 00 00 03 27 52 5c 81 96 8d 7b 5a 38 32 24 2b 20 23 32 31 32 27 20 18 19 21 00 00 00
 00 00 00 00 00 00 00 00 00 00 00 00 00 00 00 00 00 00 00 02 22 4d 67 72 89 78 69 53 52 49 3e 33 2b 27 26 24 2a 2a 2d 23 23 28 00 00 00
code = 769, row = 45, col = 18
 00 00 00 00 00 00 00 00 00 00 00 00 00 00 00 00 00 00 00 00 00 00 00 00 00 00 00 00 00 00 00 00 00 00 00 00 00 00 00 00 04 00 00 00 00
 00 00 00 00 00 00 00 00 00 00 00 00 00 00 00 00 00 00 00 00 00 00 00 00 00 00 00 00 00 00 00 00 05 0d 14 0b 0c 14 0a 0a 12 00 00 00 00
 00 00 00 00 00 00 00 00 00 00 00 00 00 00 00 00 00 00 00 00 00 00 00 00 00 00 0a 02 01 08 0c 18 1f 1e 23 10 13 1b 1f 1d 15 06 00 00 00
 00 00 00 00 00 00 00 00 00 00 00 00 00 00 00 00 00 00 00 00 00 00 00 02 0d 0d 15 13 12 1d 17 1b 1e 23 28 23 27 1a 14 14 1c 0b 00 00 00
 00 00 00 00 00 00 00 00 00 00 00 00 00 00 00 00 00 00 00 00 00 02 0c 16 1c 1e 26 23 22 2f 23 1b 1c 2f 25 1e 20 1e 17 12 10 04 00 00 00
 00 00 00 00 00 00 00 00 00 00 00 00 00 00 00 00 00 00 00 00 00 07 18 1b 21 1b 22 2b 2b 38 31 24 1e 3c 3a 29 20 17 06 05 00 00 00 00 00
 00 00 00 00 00 00 00 00 00 00 00 00 00 00 00 00 00 00 00 00 08 1e 2b 2e 2c 29 3e 45 33 30 30 32 2f 2c 21 19 13 02 00 00 00 00 00 00 00
 00 00 00 00 00 00 00 00 00 00 00 00 00 00 00 00 00 00 00 00 18 3c 4b 4f 46 47 42 45 3e 41 35 37 29 2f 14 08 00 00 00 00 00 00 00 00 00
 00 00 00 00 00 00 00 00 00 00 00 00 00 00 00 00 00 00 00 03 23 39 51 5f 4c 4b 36 3d 35 2a 24 1c 0e 0b 00 00 00 00 00 00 00 00 00 00 00
 00 00 00 00 00 00 00 00 00 00 00 00 00 00 00 00 00 00 00 12 45 68 76 77 59 4b 34 3b 35 26 0d 02 00 00 00 00 00 00 00 00 00 00 00 00 00
 00 00 00 00 00 00 00 00 00 00 00 00 00 00 00 00 00 00 00 27 51 68 64 6a 5d 4c 3d 3e 32 17 01 00 00 00 00 00 00 00 00 00 00 00 00 00 00
 00 00 00 00 00 00 00 05 00 00 00 00 00 00 00 00 00 00 00 14 59 64 58 4b 2d 32 24 28 17 00 00 00 00 00 00 00 00 00 00 00 00 00 00 00 00
 00 00 00 00 00 00 00 00 00 00 00 00 00 00 00 00 00 00 00 14 7d 98 7f 60 42 35 1c 21 16 02 00 00 00 00 00 00 00 00 00 00 00 00 00 00 00
 00 00 00 00 00 00 00 00 00 00 00 00 00 00 00 00 00 00 00 00 42 4b 3c 33 25 23 24 23 1c 09 00 02 00 00 00 00 00 00 00 00 00 00 00 00 00
 00 00 00 00 00 00 00 00 00 00 00 00 00 00 00 00 00 00 00 09 7f 97 8a 78 60 57 55 4d 32 2d 11 1e 1c 22 1d 14 10 07 08 02 08 0b 00 00 00
 00 00 00 00 00 00 00 00 00 00 00 00 00 00 00 00 00 00 00 06 46 7d 7b 7e 6d 68 6b 55 33 34 1c 25 1e 27 2e 26 19 17 1e 19 10 1b 00 00 00
 00 00 00 00 00 00 00 00 00 00 00 00 00 00 00 00 00 00 00 04 2a 5b 67 8d ae ad 9d 70 3e 36 27 2e 21 27 34 34 33 29 20 1b 1a 23 00 00 00
 00 00 00 00 00 00 00 00 00 00 00 00 00 00 00 00 00 00 00 03 25 56 72 80 a2 96 8d 66 5d 4f 45 36 2e 2a 27 26 2d 2e 30 25 25 2a 00 00 00
code = 769, row = 45, col = 18
 00 00 00 00 00 00 00 00 00 00 00 00 00 00 00 00 00 00 00 00 00 00 00 00 00 00 00 00 00 00 00 00 00 00 00 00 00 00 00 00 04 00 00 00 00
 00 00 00 00 00 00 00 00 00 00 00 00 00 00 00 00 00 00 00 00 00 00 00 00 00 00 00 00 00 00 00 00 00 07 0e 07 09 11 0b 0b 12 02 00 00 00
 00 00 00 00 00 00 00 00 00 00 00 00 00 00 00 00 00 00 00 00 00 00 00 00 00 00 00 00 00 00 03 10 18 18 1d 0d 11 18 1e 1b 16 06 00 00 00
 00 00 00 00 00 00 00 00 00 00 00 00 00 00 00 00 00 00 00 00 00 00 00 00 04 03 09 0a 09 14 0f 16 19 1e 25 20 23 18 14 15 1c 0b 00 00 00
 00 00 00 00 00 00 00 00 00 00 00 00 00 00 00 00 00 00 00 00 00 00 01 0a 10 12 1a 17 18 27 19 16 17 29 21 1b 1e 1d 16 14 0f 04 00 00 00
 00 00 00 00 00 00 00 00 00 00 00 00 00 00 00 00 00 00 00 00 00 00 0c 0f 14 0e 15 1d 1f 2d 25 1e 19 36 35 27 1c 16 07 06 01 00 00 00 00
 00 00 00 00 00 00 00 00 00 00 00 00 00 00 00 00 00 00 00 00 00 0f 1c 1c 1c 1d 2d 32 27 28 28 2b 28 29 1e 17 14 04 00 00 00 00 00 00 00
 00 00 00 00 00 00 00 00 00 00 00 00 00 00 00 00 00 00 00 00 08 23 28 2a 25 2d 2f 34 2f 37 2b 2f 24 2a 13 0a 00 00 00 00 00 00 00 00 00
 00 00 00 00 00 00 00 00 00 00 00 00 00 00 00 00 00 00 00 00 11 20 28 2c 26 30 26 2f 26 20 1d 15 0c 0a 00 00 00 00 00 00 00 00 00 00 00
 00 00 00 00 00 00 00 00 00 00 00 00 00 00 00 00 00 00 00 05 32 48 4b 4c 34 32 24 2a 26 18 05 00 00 00 00 00 00 00 00 00 00 00 00 00 00
 00 01 00 00 00 00 00 00 00 00 00 00 00 00 00 00 00 00 00 1a 41 54 51 5d 52 46 36 37 29 0e 00 00 00 00 00 00 00 00 00 00 00 00 00 00 00
 00 00 00 00 00 00 00 05 00 00 00 00 00 00 00 00 00 00 00 08 48 57 4c 45 29 2f 22 24 13 00 00 00 00 00 00 00 00 00 00 00 00 00 00 00 00
 00 00 00 00 00 00 00 00 00 00 00 00 00 00 00 00 00 00 00 04 60 85 72 5b 3b 31 1a 1e 11 00 00 00 00 00 00 00 00 00 00 00 00 00 00 00 00
 00 00 00 00 00 00 00 00 00 00 00 00 00 00 00 00 00 00 00 00 29 3a 31 30 20 1d 20 21 1a 06 00 00 00 00 00 00 00 00 00 00 00 00 00 00 00
 00 00 00 00 00 00 00 00 00 00 00 00 00 00 00 00 00 00 00 04 79 90 86 75 58 50 50 48 31 2c 10 1c 1a 1f 19 0f 0b 02 02 00 01 05 00 00 00
 00 00 00 00 00 00 00 00 00 00 00 00 00 00 00 00 00 00 00 08 47 7f 7d 7f 67 5c 60 52 32 35 1b 27 1f 29 2f 27 19 19 1e 1b 0f 1a 00 00 00
 00 00 00 00 00 00 00 00 00 00 00 00 00 00 00 00 00 00 00 04 31 66 6f 97 c0 c7 c1 83 42 38 2a 30 25 29 37 37 35 2b 20 1e 1c 26 00 00 00
 00 00 00 00 00 00 00 00 00 00 00 00 00 00 00 00 00 00 00 04 2f 6a 86 96 c6 c1 c7 80 68 55 49 3b 32 2e 2b 29 2f 30 32 28 26 2d 00 00 00
code = 769, row = 45, col = 18
 00 00 00 00 00 00 00 00 00 00 00 00 00 00 00 00 00 00 00 00 00 00 00 00 00 00 00 00 00 00 00 00 00 00 00 00 00 00 00 00 02 00 00 00 00
 00 00 00 00 00 00 00 00 00 00 00 00 00 00 00 00 00 00 00 00 00 00 00 00 00 00 00 00 00 00 00 00 00 03 0d 04 0c 10 09 0a 11 01 00 00 00
 00 00 00 00 00 00 00 00 00 00 00 00 00 00 00 00 00 00 00 00 00 00 00 00 00 00 00 00 00 00 02 0d 17 15 1b 0b 11 19 1f 1a 15 06 00 00 00
 00 00 00 00 00 00 00 00 00 00 00 00 00 00 00 00 00 00 00 00 00 00 00 00 04 04 0a 09 07 13 0f 13 18 1c 24 21 22 19 13 16 1c 0b 00 00 00
 00 00 00 00 00 00 00 00 00 00 00 00 00 00 00 00 00 00 00 00 00 00 03 0a 0f 11 17 15 16 25 19 15 16 26 20 1a 1e 1d 1a 14 0f 07 00 00 00
 00 00 00 00 00 00 00 00 00 00 00 00 00 00 00 00 00 00 00 00 00 00 08 0d 11 0b 12 1c 1e 2c 23 1d 16 35 32 28 1c 15 07 08 02 00 00 00 00
 00 00 00 00 00 00 00 00 00 00 00 00 00 00 00 00 00 00 00 00 00 0c 18 19 19 1d 2e 2e 21 25 26 28 25 28 1e 17 16 03 00 00 00 00 00 00 00
 00 00 00 00 00 00 00 00 00 00 00 00 00 00 00 00 00 00 00 00 09 22 25 29 26 2a 2b 35 30 37 2c 2f 25 2c 10 0d 00 00 00 00 00 00 00 00 00
 00 00 00 00 00 00 00 00 00 00 00 00 00 00 00 00 00 00 00 00 0e 1d 22 28 23 32 28 2b 23 1d 19 12 0a 08 00 00 00 00 00 00 00 00 00 00 00
 00 00 00 00 00 00 00 00 00 00 00 00 00 00 00 00 00 00 00 08 35 4d 51 51 39 34 24 2b 27 18 06 00 00 00 00 00 00 00 00 00 00 00 00 00 00
 00 00 00 00 00 00 00 00 00 00 00 00 00 00 00 00 00 00 00 1c 45 5a 57 63 57 48 37 38 29 0e 00 00 00 00 00 00 00 00 00 00 00 00 00 00 00
 00 00 00 00 00 00 00 06 00 00 00 00 00 00 00 00 00 00 00 0c 4c 5b 51 48 2b 30 24 26 13 00 00 00 00 00 00 00 00 00 00 00 00 00 00 00 00
 00 00 00 00 00 00 00 00 00 00 00 00 00 00 00 00 00 00 00 0f 69 8c 76 5f 40 30 1b 20 12 00 00 00 00 00 00 00 00 00 00 00 00 00 00 00 00
 00 00 00 00 00 00 00 00 00 00 00 00 00 00 00 00 00 00 00 00 35 42 36 32 23 1c 1e 21 1a 07 00 00 00 00 00 00 00 00 00 00 00 00 00 00 00
 00 00 00 00 00 00 00 00 00 00 00 00 00 00 00 00 00 00 00 0c 84 96 89 75 59 4e 4c 46 34 2d 12 1d 1b 1f 16 0d 09 03 03 00 01 06 00 00 00
 00 00 00 00 00 00 00 00 00 00 00 00 00 00 00 00 00 00 00 0c 4f 82 7f 82 68 54 54 4f 34 36 1d 29 22 2b 2f 27 18 1a 20 1b 10 1c 00 00 00
 00 00 00 00 00 00 00 00 00 00 00 00 00 00 00 00 00 00 00 04 36 6d 74 9d c4 c2 b7 7b 43 39 2b 32 27 29 37 39 35 2c 22 1f 1e 27 00 00 00
 00 00 00 00 00 00 00 00 00 00 00 00 00 00 00 00 00 00 00 06 38 74 90 a2 d1 c3 c5 7f 66 57 49 3e 35 30 2a 2b 2f 32 33 2a 28 2e 00 00 00
code = 769, row = 45, col = 18
 00 00 00 00 00 00 00 00 00 00 00 00 00 00 00 00 00 00 00 00 00 00 00 00 00 00 00 00 00 00 00 00 00 00 00 00 02 00 00 00 03 00 00 00 00
 00 00 00 00 00 00 00 00 00 00 00 00 00 00 00 00 00 00 00 00 00 00 00 00 00 00 00 00 00 00 00 00 04 09 13 07 10 13 0b 0c 10 00 00 00 00
 00 00 00 00 00 00 00 00 00 00 00 00 00 00 00 00 00 00 00 00 00 00 00 00 00 00 07 01 00 07 0a 14 1e 19 20 0d 14 1c 22 1d 16 07 00 00 00
 00 00 00 00 00 00 00 00 00 00 00 00 00 00 00 00 00 00 00 00 00 00 00 02 0b 0c 11 10 0d 18 14 16 1c 1f 28 25 25 1a 15 18 1d 0c 00 00 00
 00 00 00 00 00 00 00 00 00 00 00 00 00 00 00 00 00 00 00 00 00 00 0b 13 17 1a 1f 1f 1d 2b 1f 19 18 29 23 1c 20 1e 1d 16 10 08 00 00 00
 00 00 00 00 00 00 00 00 00 00 00 00 00 00 00 00 00 00 00 00 00 02 0f 14 17 11 19 25 25 33 2a 21 1a 38 36 2b 20 17 09 07 02 00 00 00 00
 00 00 00 00 00 00 00 00 00 00 00 00 00 00 00 00 00 00 00 00 04 17 23 27 24 23 36 3c 2b 2d 2e 30 2d 2c 1e 19 15 05 00 00 00 00 00 00 00
 00 00 00 00 00 00 00 00 00 00 00 00 00 00 00 00 00 00 00 00 11 31 38 3f 3a 3c 39 3f 37 3b 30 32 27 2f 13 0d 00 00 00 00 00 00 00 00 00
 00 00 00 00 00 00 00 00 00 00 00 00 00 00 00 00 00 00 00 00 1e 31 47 58 44 46 32 36 2e 28 21 19 0f 0c 00 00 00 00 00 00 00 00 00 00 00
 00 00 00 00 00 00 00 00 00 00 00 00 00 00 00 00 00 00 00 12 46 6d 83 86 69 53 34 34 30 20 0a 03 00 00 00 00 00 00 00 00 00 00 00 00 00
 00 00 00 00 00 00 00 00 00 00 00 00 00 00 00 00 00 00 00 29 58 76 74 7f 71 55 40 40 31 16 01 00 00 00 00 00 00 00 00 00 00 00 00 00 00
 00 00 00 00 00 00 00 06 00 00 00 00 00 00 00 00 00 00 01 19 62 6e 64 52 32 35 28 2b 18 00 00 00 00 00 00 00 00 00 00 00 00 00 00 00 00
 00 00 00 00 00 00 00 00 00 00 00 00 00 00 00 00 00 00 00 20 8e a3 87 65 48 36 1e 24 17 03 00 00 00 00 00 00 00 00 00 00 00 00 00 00 00
 00 00 00 00 00 00 00 00 00 00 00 00 00 00 00 00 00 00 00 07 52 54 3f 37 27 1f 20 22 1c 08 00 00 00 00 00 00 00 00 00 00 00 00 00 00 00
 00 00 00 00 00 00 00 00 00 00 00 00 00 00 00 00 00 00 00 13 92 a0 8d 77 5f 52 4f 48 35 2e 13 1d 1b 23 1a 12 0e 07 07 00 07 0a 00 00 00
 00 00 00 00 00 00 00 00 00 00 00 00 00 00 00 00 00 00 00 0e 54 82 7d 7f 6b 58 54 4b 33 35 1d 29 21 2a 2e 28 18 19 20 19 10 1a 00 00 00
 00 00 00 00 00 00 00 00 00 00 00 00 00 00 00 00 00 00 00 05 34 68 6b 8d a8 9a 87 60 3c 35 29 2f 25 28 34 37 33 2a 21 1c 1a 24 00 00 00
 00 00 00 00 00 00 00 00 00 00 00 00 00 00 00 00 00 00 00 06 33 6b 7e 89 a4 8f 87 63 5b 51 47 3b 32 2d 28 28 2c 2f 30 27 26 2b 00 00 00
code = 769, row = 45, col = 18
 00 00 00 00 00 00 00 00 00 00 00 00 00 00 00 00 00 00 00 00 00 00 00 00 00 00 00 00 00 00 00 00 00 00 00 00 01 04 00 00 05 00 00 00 00
 00 00 00 00 00 00 00 00 00 00 00 00 00 00 00 00 00 00 00 00 00 00 00 00 00 00 00 00 00 00 00 00 0e 10 18 0b 10 19 0f 0f 13 03 00 00 00
 00 00 00 00 00 00 00 00 00 00 00 00 00 00 00 00 00 00 00 00 00 00 00 00 03 00 11 0b 06 0e 13 1a 26 1b 26 12 16 20 27 21 1b 0b 00 00 00
 00 00 00 00 00 00 00 00 00 00 00 00 00 00 00 00 00 00 00 00 00 00 00 04 0e 13 18 16 14 1f 1a 1a 22 23 2b 29 29 1b 19 19 22 0f 00 00 00
 00 00 00 00 00 00 00 00 00 00 00 00 00 00 00 00 00 00 00 00 00 03 10 18 1d 21 24 29 27 34 28 20 1f 2f 25 22 21 22 20 18 13 09 00 00 00
 00 00 00 00 00 00 00 00 00 00 00 00 00 00 00 00 00 00 00 00 00 08 16 1d 21 1a 1e 30 30 3f 34 27 23 3e 38 2f 20 1b 0a 07 01 00 00 00 00
 00 00 00 00 00 00 00 00 00 00 00 00 00 00 00 00 00 00 00 00 09 1d 2c 32 30 2d 42 4c 39 37 38 36 33 30 20 1c 13 05 00 00 00 00 00 00 00
 00 00 00 00 00 00 00 00 00 00 00 00 00 00 00 00 00 00 00 00 17 3c 4a 51 4d 53 4d 4c 42 44 34 35 2a 31 16 0c 00 00 00 00 00 00 00 00 00
 00 00 00 00 00 00 00 00 00 00 00 00 00 00 00 00 00 00 00 07 2b 44 6a 86 6b 5e 3f 47 3d 32 27 1f 14 0e 00 00 00 00 00 00 00 00 00 00 00
 00 00 00 00 00 00 00 00 00 00 00 00 00 00 00 00 00 00 02 1a 53 88 ad ba 9b 77 46 41 3a 27 0d 05 00 00 00 00 00 00 00 00 00 00 00 00 00
 00 00 00 00 00 00 00 00 00 00 00 00 00 00 00 00 00 00 04 32 64 8a 8b 9d 89 6a 4c 45 35 1a 01 00 00 00 00 00 00 00 00 00 00 00 00 00 00
 00 00 00 00 00 00 00 08 00 00 00 00 00 00 00 00 00 00 05 23 73 7c 72 5b 38 37 2a 30 1c 04 00 00 00 00 00 00 00 00 00 00 00 00 00 00 00
 00 00 00 00 00 00 00 00 00 00 00 00 00 00 00 00 00 00 00 2a 9f aa 8f 67 4a 3b 20 23 15 03 00 00 00 00 00 00 00 00 00 00 00 00 00 00 00
 00 00 00 00 00 00 00 00 00 00 00 00 00 00 00 00 00 00 00 0d 5c 57 3e 34 25 20 22 1f 19 06 00 00 00 00 00 00 00 00 00 00 00 00 00 00 00
 00 00 00 00 00 00 00 00 00 00 00 00 00 00 00 00 00 00 00 11 8a 9a 84 70 5b 51 4f 43 30 2a 0f 19 19 22 1a 13 10 08 08 00 05 0a 00 00 00
 00 00 00 00 00 00 00 00 00 00 00 00 00 00 00 00 00 00 00 0c 4e 7a 71 6e 5d 54 4c 40 2e 32 1a 25 1f 28 2e 27 18 19 1d 18 0c 16 00 00 00
 00 00 00 00 00 00 00 00 00 00 00 00 00 00 00 00 00 00 00 06 2f 57 57 6d 79 6a 5a 46 31 2e 24 2b 22 24 32 34 31 26 1d 18 15 1e 00 00 00
 00 00 00 00 00 00 00 00 00 00 00 00 00 00 00 00 00 00 00 04 29 58 63 64 6f 5f 5b 4c 4e 49 42 38 2e 29 29 25 29 2a 2b 23 21 25 00 00 00
code = 769, row = 45, col = 18
 00 00 00 00 00 00 00 00 00 00 00 00 00 00 00 00 00 00 00 00 00 00 00 00 00 00 00 00 00 00 00 00 00 00 00 02 03 06 03 00 09 00 00 00 00
 00 00 00 00 00 00 00 00 00 00 00 00 00 00 00 00 00 00 00 00 00 00 00 00 00 00 00 00 00 04 01 0a 18 17 1e 13 11 1f 16 14 1d 09 00 00 00
 00 00 00 00 00 00 00 00 00 00 00 00 00 00 00 00 00 00 00 00 00 00 00 00 07 08 1d 14 10 16 19 1e 2b 1e 2e 14 1a 23 2c 27 24 0d 00 00 00
 00 00 00 00 00 00 00 00 00 00 00 00 00 00 00 00 00 00 00 00 00 00 00 07 11 1b 23 19 1b 23 1e 1f 25 25 2f 28 2e 1e 1c 1e 28 10 00 00 00
 00 00 00 00 00 00 00 00 00 00 00 00 00 00 00 00 00 00 00 00 00 05 12 1b 23 28 2f 31 2e 39 2e 23 23 32 27 24 26 26 23 1a 15 09 00 00 00
 00 00 00 00 00 00 00 00 00 00 00 00 00 00 00 00 00 00 00 00 01 0a 1a 24 2d 23 2c 3d 3a 48 3c 2c 25 44 3b 33 23 1b 0b 06 00 00 00 00 00
 00 00 00 00 00 00 00 00 00 00 00 00 00 00 00 00 00 00 00 00 09 1f 34 3c 3b 3e 58 5a 44 3c 3f 3a 35 31 24 1b 11 01 00 00 00 00 00 00 00
 00 00 00 00 00 00 00 00 00 00 00 00 00 00 00 00 00 00 00 04 22 4f 69 6f 6b 6f 61 5f 51 4f 3c 3d 2f 34 14 0a 00 00 00 00 00 00 00 00 00
 00 00 00 00 00 00 00 00 00 00 00 00 00 00 00 00 00 00 00 0b 33 51 82 aa 96 83 56 53 49 38 28 1f 12 0a 00 00 00 00 00 00 00 00 00 00 00
 00 00 00 00 00 00 00 00 00 00 00 00 00 00 00 00 00 00 00 24 66 9f c8 e1 c9 9f 56 53 45 2d 11 05 00 00 00 00 00 00 00 00 00 00 00 00 00
 00 00 00 00 00 00 00 00 00 00 00 00 00 00 00 00 00 00 05 3e 72 97 97 ad 93 79 53 48 38 1a 01 00 00 00 00 00 00 00 00 00 00 00 00 00 00
 00 00 00 00 00 00 00 07 00 00 00 00 00 00 00 00 00 00 00 27 7b 82 75 5c 37 37 2a 2e 18 02 00 00 00 00 00 00 00 00 00 00 00 00 00 00 00
 00 00 00 00 00 00 00 00 00 00 00 00 00 00 00 00 00 00 00 2d 9d ad 8d 62 45 3c 20 1c 0d 00 00 00 00 00 00 00 00 00 00 00 00 00 00 00 00
 00 00 00 00 00 00 00 00 00 00 00 00 00 00 00 00 00 00 00 0b 56 4d 35 2d 1f 1f 20 1a 13 01 00 00 00 00 00 00 00 00 00 00 00 00 00 00 00
 00 00 00 00 00 00 00 00 00 00 00 00 00 00 00 00 00 00 00 08 63 79 6a 5e 4f 4c 47 37 27 21 09 13 12 1b 16 11 0f 05 02 00 00 00 00 00 00
 00 00 00 00 00 00 00 00 00 00 00 00 00 00 00 00 00 00 00 05 37 61 58 56 49 4a 3d 31 24 29 15 1f 1a 23 2d 24 19 17 16 12 05 0a 00 00 00
 00 00 00 00 00 00 00 00 00 00 00 00 00 00 00 00 00 00 00 07 20 40 41 4f 56 47 3b 33 26 26 1d 27 1d 1f 30 30 2e 22 17 11 0f 12 00 00 00
 00 00 00 00 00 00 00 00 00 00 00 00 00 00 00 00 00 00 00 03 1d 40 4b 47 4c 41 41 3b 40 3e 39 32 28 26 26 23 27 26 26 1d 18 18 00 00 00
code = 769, row = 45, col = 18
 00 00 00 00 00 00 00 00 00 00 00 00 00 00 00 00 00 00 00 00 00 00 00 00 00 00 00 00 00 00 00 00 00 00 03 04 0a 07 06 01 0c 00 00 00 00
 00 00 00 00 00 00 00 00 00 00 00 00 00 00 00 00 00 00 00 00 00 00 00 00 00 00 00 00 00 07 01 0f 1c 1d 28 16 17 21 1b 18 21 0d 00 00 00
 00 00 00 00 00 00 00 00 00 00 00 00 00 00 00 00 00 00 00 00 00 00 00 01 0c 0e 23 17 18 1f 1b 22 30 20 32 17 1d 25 32 2f 28 11 00 00 00
 00 00 00 00 00 00 00 00 00 00 00 00 00 00 00 00 00 00 00 00 00 00 01 0b 14 1e 29 1d 20 26 20 21 2a 26 33 2c 32 23 20 26 2f 15 00 00 00
 00 00 00 00 00 00 00 00 00 00 00 00 00 00 00 00 00 00 00 00 00 04 13 1d 25 2f 3b 33 34 3b 31 25 24 33 2b 25 2a 27 25 1d 18 07 00 00 00
 00 00 00 00 00 00 00 00 00 00 00 00 00 00 00 00 00 00 00 00 01 0a 1a 26 32 2c 38 42 3f 4a 3f 2e 26 46 3e 34 26 1a 0a 02 00 00 00 00 00
 00 00 00 00 00 00 00 00 00 00 00 00 00 00 00 00 00 00 00 00 0d 24 3c 47 46 4a 66 67 4e 44 46 40 39 33 24 1c 0f 00 00 00 00 00 00 00 00
 00 00 00 00 00 00 00 00 00 00 00 00 00 00 00 00 00 00 00 08 2b 5d 7d 83 80 82 70 70 5d 58 44 43 30 32 11 07 00 00 00 00 00 00 00 00 00
 00 00 00 00 00 00 00 00 00 00 00 00 00 00 00 00 00 00 00 0f 3c 5b 91 bf af 9b 6b 5f 52 3e 2b 1e 0c 07 00 00 00 00 00 00 00 00 00 00 00
 00 00 00 00 00 00 00 00 00 00 00 00 00 00 00 00 00 00 00 2e 78 b2 d8 f6 e6 b5 66 62 50 32 12 07 01 00 00 00 00 00 00 00 00 00 00 00 00
 00 01 00 00 00 00 00 00 00 00 00 00 00 00 00 00 00 00 05 4b 80 a4 a1 b9 9b 7e 58 4e 3c 1a 03 00 00 00 00 00 00 00 00 00 00 00 00 00 00
 00 00 00 00 00 00 00 07 00 00 00 00 00 00 00 00 00 00 00 2a 7d 85 76 5b 37 3b 2c 2b 16 00 00 00 00 00 00 00 00 00 00 00 00 00 00 00 00
 00 00 00 00 00 00 00 00 00 00 00 00 00 00 00 00 00 00 00 32 9e b4 8f 62 45 3e 20 18 0b 00 00 00 00 00 00 00 00 00 00 00 00 00 00 00 00
 00 00 00 00 00 00 00 00 00 00 00 00 00 00 00 00 00 00 00 0b 54 4b 34 2c 1c 1d 1e 1b 0f 00 00 00 00 00 00 00 00 00 00 00 00 00 00 00 00
 00 00 00 00 00 00 00 00 00 00 00 00 00 00 00 00 00 00 00 04 48 60 57 53 4b 46 41 31 22 17 04 0b 08 0d 0b 08 05 00 00 00 00 00 00 00 00
 00 00 00 00 00 00 00 00 00 00 00 00 00 00 00 00 00 00 00 03 29 52 4a 4b 42 42 35 28 1d 20 0f 1b 14 1d 24 1d 13 0f 0c 01 00 00 00 00 00
 00 00 00 00 00 00 00 00 00 00 00 00 00 00 00 00 00 00 00 05 15 37 37 44 49 38 2b 2c 21 24 1b 24 1b 1b 27 2b 27 1b 10 06 03 01 00 00 00
 00 00 00 00 00 00 00 00 00 00 00 00 00 00 00 00 00 00 00 04 18 36 41 3d 3f 32 33 36 3b 3a 34 2f 25 22 1f 1e 1f 1e 1d 15 0c 05 00 00 00
code = 769, status = SAMPLING, sensel_area = 2.25
code = 769, status = TO_STOP, sensel_area = 2.25
code = 769, status = TO_STOP, sensel_area = 2.25
code = 0, status = CLOSED, sensel_area = 2.25
code = 0, status = OPENED, sensel_area = 2.25
wait until connected: status = OPENED
code = 979, status = TO_SAMPLE, sensel_area = 2.25
code = 979, row = 45, col = 18
 00 00 00 00 00 00 00 00 00 00 00 00 00 00 00 00 00 00 00 00 00 00 00 00 00 00 00 00 00 00 00 00 00 00 00 00 00 00 00 00 00 00 00 00 00
 00 00 00 00 00 00 00 00 00 00 00 00 00 00 00 58 6c 00 00 00 00 00 00 00 00 00 00 00 00 00 00 00 00 00 00 00 00 00 00 00 00 00 00 00 00
 00 00 00 00 00 00 00 00 00 00 00 00 00 00 00 4d 33 00 00 00 00 00 00 00 00 00 06 05 00 00 00 00 04 07 0a 02 0b 0b 19 16 0f 0b 00 00 00
 00 00 00 00 00 00 00 00 00 00 00 00 00 00 00 35 2f 00 00 00 00 00 00 00 0a 11 14 1a 10 14 10 16 19 1f 20 1b 1f 1c 20 22 1c 0e 00 00 00
 00 00 00 00 00 00 00 00 00 00 00 00 00 00 00 24 1a 00 00 00 00 00 04 0d 16 1d 29 2f 21 2a 22 1d 1a 27 21 23 23 26 25 19 23 18 00 00 00
 00 00 00 00 00 00 00 00 00 00 00 00 00 00 00 09 76 00 00 00 00 05 10 19 21 21 28 34 2f 3b 31 2a 20 3b 3b 30 2a 27 18 19 19 18 00 00 00
 00 00 00 00 00 00 00 00 00 00 00 00 00 00 00 00 05 00 00 00 02 15 28 31 30 35 4c 54 3f 3a 3b 38 33 33 29 24 29 20 24 17 15 13 00 00 00
 00 00 00 00 00 00 00 00 00 00 00 00 00 00 00 00 00 00 00 00 14 3b 4b 55 56 58 55 59 4d 4a 41 3e 34 43 2c 31 2b 30 2e 24 22 0f 00 00 00
 00 00 00 00 00 00 00 00 00 00 00 00 00 00 00 00 00 00 00 03 26 3a 58 6f 66 6d 54 57 4e 3d 33 2d 29 29 21 1e 12 0f 13 04 03 00 00 00 00
 00 00 00 00 00 00 00 00 00 00 00 00 00 00 00 00 01 00 00 13 49 79 91 97 85 7e 59 52 43 36 22 1d 18 13 0a 04 00 00 00 00 00 00 00 00 00
 00 00 00 00 00 00 00 00 00 00 00 00 00 00 00 00 00 00 02 29 54 7b 7b 8e 7f 78 5e 52 40 2c 0d 06 02 01 00 00 00 00 00 00 00 00 00 00 00
 00 00 00 00 00 00 00 0a 00 00 00 00 00 00 00 00 00 00 00 0f 5d 76 6d 62 43 44 35 3a 28 0b 00 00 00 00 00 00 00 00 00 00 00 00 00 00 00
 00 00 00 00 00 00 00 00 00 00 00 00 00 00 00 00 00 00 00 0e 73 a1 87 6e 50 46 26 27 16 04 00 00 00 00 00 00 00 00 00 00 00 00 00 00 00
 00 00 00 00 00 00 00 00 00 00 00 00 00 00 00 00 00 00 00 00 40 4d 3e 39 25 20 23 23 18 06 00 00 00 00 00 00 00 00 00 00 00 00 00 00 00
 00 00 00 00 00 00 00 00 00 00 00 00 00 00 00 00 00 00 00 03 56 7a 73 6b 58 50 49 42 2e 29 11 17 0f 09 00 00 00 00 00 00 00 00 00 00 00
 00 00 00 00 00 00 00 00 00 00 00 00 00 00 00 00 00 00 00 0a 3b 71 6a 6b 5c 52 48 3e 2e 34 1f 2b 25 26 24 23 0e 0c 0e 0b 02 09 00 00 00
 00 00 00 00 00 00 00 00 00 00 00 00 00 00 00 00 00 00 00 07 27 59 58 75 85 70 5f 4d 38 38 2b 31 28 28 37 38 33 27 21 14 19 20 00 00 00
 00 00 00 00 00 00 00 00 00 00 00 00 00 00 00 50 01 00 00 11 32 64 6e 77 86 72 6d 59 5c 51 4d 41 3d 30 31 34 33 2d 32 2b 29 34 00 00 00
code = 769, row = 45, col = 18
 00 00 00 00 00 00 00 00 00 00 00 00 00 00 00 15 0c 00 00 00 00 00 00 00 00 00 00 00 00 00 00 00 00 00 00 00 00 00 00 00 00 00 00 00 00
 00 00 00 00 00 00 00 00 00 00 00 00 00 00 00 a2 82 00 00 00 00 00 00 00 00 00 00 00 00 00 00 00 00 00 00 00 00 00 00 00 00 00 00 00 00
 00 00 00 00 00 00 00 00 00 00 00 00 00 00 00 62 3c 00 00 00 00 00 00 00 00 00 07 05 00 00 00 00 01 07 09 02 0b 0b 17 14 0f 0c 00 00 00
 00 00 00 00 00 00 00 00 00 00 00 00 00 00 00 42 3b 00 00 00 00 00 00 00 0a 11 13 18 0c 13 0f 13 15 1e 20 1b 1d 1a 20 1f 1b 0e 00 00 00
 00 00 00 00 00 00 00 00 00 00 00 00 00 00 00 40 27 00 00 00 00 00 05 0c 17 1d 29 2f 1e 28 1f 1b 16 23 1e 22 20 24 22 19 21 18 00 00 00
 00 00 00 00 00 00 00 00 00 00 00 00 00 00 00 14 93 00 00 00 00 07 12 18 1f 1e 27 31 2d 39 2e 27 1e 37 3a 2f 27 25 18 19 18 17 00 00 00
 00 00 00 00 00 00 00 00 00 00 00 00 00 00 00 00 0a 00 00 00 02 15 24 2d 2c 33 4b 4e 39 36 37 36 30 2f 26 22 26 20 23 16 16 12 00 00 00
 00 00 00 00 00 00 00 00 00 00 00 00 00 00 00 00 02 00 00 02 1a 3d 4c 54 56 55 4f 56 4a 49 3e 3d 32 41 28 2f 2a 2d 2d 22 1f 0f 00 00 00
 00 00 00 00 00 00 00 00 00 00 00 00 00 00 00 00 00 00 00 04 27 38 55 6c 61 67 50 51 4a 39 30 2b 27 24 1f 1b 0d 0c 10 03 03 02 00 00 00
 00 00 00 00 00 00 00 00 00 00 00 00 00 00 00 00 00 00 00 19 4c 7b 8e 93 7d 72 4f 4d 40 32 1d 19 14 0e 05 01 00 00 00 00 00 00 00 00 00
 00 00 00 00 00 00 00 00 00 00 00 00 00 00 00 00 00 00 06 31 56 7a 79 89 7b 6e 55 4e 3d 28 09 03 00 00 00 00 00 00 00 00 00 00 00 00 00
 00 00 00 00 00 00 00 08 00 00 00 00 00 00 00 00 00 00 00 11 5d 71 68 5e 3e 43 33 35 24 08 00 00 00 00 00 00 00 00 00 00 00 00 00 00 00
 00 00 00 00 00 00 00 00 00 00 00 00 00 00 00 00 00 00 00 14 73 9c 82 6c 4d 44 23 23 13 02 00 00 00 00 00 00 00 00 00 00 00 00 00 00 00
 00 00 00 00 00 00 00 00 00 00 00 00 00 00 00 00 00 00 00 00 42 4b 3b 36 22 1e 20 20 13 02 00 00 00 00 00 00 00 00 00 00 00 00 00 00 00
 00 00 00 00 00 00 00 00 00 00 00 00 00 00 00 00 00 00 00 06 5a 76 6f 68 56 4d 48 3e 2a 23 0e 12 0b 04 00 00 00 00 00 00 00 00 00 00 00
 00 00 00 00 00 00 00 00 00 00 00 00 00 00 00 00 00 00 00 0e 3c 6e 66 65 58 51 43 39 2b 31 1c 27 22 25 23 21 0d 0b 0b 08 02 07 00 00 00
 00 00 00 00 00 00 00 00 00 00 00 00 00 00 00 02 00 00 00 0a 2a 53 54 6f 7f 67 57 46 35 31 27 2f 27 26 35 38 31 26 1e 13 18 1f 00 00 00
 00 00 00 00 00 00 00 00 00 00 00 00 00 00 03 56 05 00 00 16 34 61 6c 74 7d 68 62 53 57 4d 48 3d 3b 2f 2f 32 32 2d 2f 29 28 34 00 00 00
code = 769, row = 45, col = 18
 00 00 00 00 00 00 00 00 00 00 00 00 00 00 00 18 11 00 00 00 00 00 00 00 00 00 00 00 00 00 00 00 00 00 00 00 00 00 00 00 00 00 00 00 00
 00 00 00 00 00 00 00 00 00 00 00 00 00 00 00 b3 6f 00 00 00 00 00 00 00 00 00 00 00 00 00 00 00 00 00 00 00 00 00 00 00 00 00 00 00 00
 00 00 00 00 00 00 00 00 00 00 00 00 00 00 00 69 35 00 00 00 00 00 00 00 00 00 06 02 00 00 00 00 00 07 08 03 09 0a 16 13 0f 0a 00 00 00
 00 00 00 00 00 00 00 00 00 00 00 00 00 00 00 48 38 00 00 00 00 00 00 00 0a 0f 13 17 0a 14 0d 11 12 1f 1e 19 1a 18 1e 1f 1b 0d 00 00 00
 00 00 00 00 00 00 00 00 00 00 00 00 00 00 00 4a 28 00 00 00 00 00 06 0b 16 1c 29 2d 1b 28 1b 1a 12 26 1c 20 1c 21 1e 19 20 17 00 00 00
 00 00 00 00 00 00 00 00 00 00 00 00 00 00 00 15 8f 00 00 00 00 08 12 19 1d 1c 26 2e 2c 39 2d 25 1d 36 37 2c 25 22 18 18 18 17 00 00 00
 00 00 00 00 00 00 00 00 00 00 00 00 00 00 00 00 0a 00 00 00 04 16 23 2d 2b 31 4a 4e 38 35 34 35 30 2f 23 21 23 1f 20 15 15 10 00 00 00
 00 00 00 00 00 00 00 00 00 00 00 00 00 00 00 01 00 00 00 03 1d 3e 4c 56 56 56 4f 54 4a 4a 3e 3d 31 41 27 2c 27 2a 28 1f 1e 0d 00 00 00
 00 00 00 00 00 00 00 00 00 00 00 00 00 00 00 00 00 00 00 06 26 39 57 6e 62 67 50 4e 48 37 2f 2a 25 23 1d 1b 0c 0a 0a 02 02 01 00 00 00
 00 00 00 00 00 00 00 00 00 00 00 00 00 00 00 00 00 00 00 1f 51 7e 91 9a 83 74 50 4f 42 32 1d 1a 14 0c 03 00 00 00 00 00 00 00 00 00 00
 00 01 00 00 00 00 00 00 00 00 00 00 00 00 00 00 00 00 09 36 5a 7d 7c 8c 7f 6f 56 4e 3e 27 07 03 00 00 00 00 00 00 00 00 00 00 00 00 00
 00 00 00 00 00 00 00 08 00 00 00 00 00 00 00 00 00 00 00 15 5f 71 68 5d 40 42 33 33 24 07 00 00 00 00 00 00 00 00 00 00 00 00 00 00 00
 00 00 00 00 00 00 00 00 00 00 00 00 00 00 00 00 00 00 00 19 79 9e 81 6d 4f 44 23 22 13 02 00 00 00 00 00 00 00 00 00 00 00 00 00 00 00
 00 00 00 00 00 00 00 00 00 00 00 00 00 00 00 00 00 00 00 01 48 4d 3b 36 25 1e 1f 1f 14 02 00 00 00 00 00 00 00 00 00 00 00 00 00 00 00
 00 00 00 00 00 00 00 00 00 00 00 00 00 00 00 00 00 00 00 0b 60 78 6f 68 56 4e 48 3d 2a 23 0c 13 0a 05 00 00 00 00 00 00 00 00 00 00 00
 00 00 00 00 00 00 00 00 00 00 00 00 00 00 00 00 00 00 00 11 3f 6f 68 65 58 53 42 3a 2c 31 1d 28 23 26 23 20 0d 0b 0b 06 02 08 00 00 00
 00 00 00 00 00 00 00 00 00 00 00 00 00 00 00 02 00 00 00 0d 2e 54 52 71 81 6a 59 48 36 30 26 2e 28 26 35 39 31 25 1e 13 17 1f 00 00 00
 00 00 00 00 00 00 00 00 00 00 00 00 00 00 03 44 04 00 00 15 34 63 6e 75 81 6d 63 54 57 4b 47 3d 3a 2e 2d 32 31 2e 2f 29 28 32 00 00 00
code = 769, row = 45, col = 18
 00 00 00 00 00 00 00 00 00 00 00 00 00 00 00 00 00 00 00 00 00 00 00 00 00 00 00 00 00 00 00 00 00 00 00 00 00 00 00 00 00 00 00 00 00
 00 00 00 00 00 00 00 00 00 00 00 00 00 00 00 4a 23 00 00 00 00 00 00 00 00 00 00 00 00 00 00 00 00 00 00 00 00 00 00 00 00 00 00 00 00
 00 00 00 00 00 00 00 00 00 00 00 00 00 00 00 2b 0d 00 00 00 00 00 00 00 00 00 05 03 00 01 00 00 02 08 08 02 08 0a 15 15 0d 08 00 00 00
 00 00 00 00 00 00 00 00 00 00 00 00 00 00 00 21 0e 00 00 00 00 00 00 02 0b 0e 15 19 0e 14 0d 12 15 22 1e 19 1c 18 1e 20 1c 0e 00 00 00
 00 00 00 00 00 00 00 00 00 00 00 00 00 00 00 23 0a 00 00 00 00 00 07 0f 15 1b 2a 2e 1c 29 1d 1c 12 28 1e 20 1c 21 1c 19 22 18 00 00 00
 00 00 00 00 00 00 00 00 00 00 00 00 00 00 00 02 37 00 00 00 00 08 12 1a 1e 1c 28 31 2e 3b 2f 27 1d 38 37 2d 26 22 18 1a 18 17 00 00 00
 00 00 00 00 00 00 00 00 00 00 00 00 00 00 00 00 00 00 00 00 06 19 28 30 31 34 4c 54 3d 39 38 38 31 32 26 21 25 21 1e 16 16 0f 00 00 00
 00 00 00 00 00 00 00 00 00 00 00 00 00 00 00 00 00 00 00 01 1d 40 52 5a 59 5d 57 58 4e 4a 41 3f 34 44 2a 2d 27 2d 27 22 21 0d 00 00 00
 00 00 00 00 00 00 00 00 00 00 00 00 00 00 00 00 00 00 00 09 2a 40 61 7c 72 70 56 54 4d 3c 33 2c 28 27 20 1c 0f 0a 09 02 01 00 00 00 00
 00 00 00 00 00 00 00 00 00 00 00 00 00 00 00 00 00 00 00 22 59 89 a6 b5 a3 8c 5d 57 46 37 22 1f 19 12 07 03 00 00 00 00 00 00 00 00 00
 00 00 00 00 00 00 00 00 00 00 00 00 00 00 00 00 00 00 0e 3d 66 8e 8f a3 96 83 62 54 41 2c 0a 06 01 00 00 00 00 00 00 00 00 00 00 00 00
 00 00 00 00 00 00 00 09 00 00 00 00 00 00 00 00 00 00 00 1d 6f 82 76 68 47 46 35 3a 29 0b 00 00 00 00 00 00 00 00 00 00 00 00 00 00 00
 00 00 00 00 00 00 00 00 00 00 00 00 00 00 00 00 00 00 01 23 91 b0 90 70 52 47 28 26 13 03 00 00 00 00 00 00 00 00 00 00 00 00 00 00 00
 00 00 00 00 00 00 00 00 00 00 00 00 00 00 00 00 00 00 00 06 56 59 45 3a 28 21 23 22 18 04 00 00 00 00 00 00 00 00 00 00 00 00 00 00 00
 00 00 00 00 00 00 00 00 00 00 00 00 00 00 00 00 00 00 00 10 70 89 7d 6c 59 51 4a 40 2d 28 0e 17 0d 08 01 01 00 00 00 00 00 00 00 00 00
 00 00 00 00 00 00 00 00 00 00 00 00 00 00 00 00 00 00 00 11 49 76 6e 6c 5a 56 47 3d 2e 33 1e 2b 26 28 24 22 0c 0d 0d 09 06 0a 00 00 00
 00 00 00 00 00 00 00 00 00 00 00 00 00 00 00 00 00 00 00 0f 35 5f 5d 7c 8d 75 61 4d 3a 35 29 31 29 29 37 38 33 24 1e 11 14 1c 00 00 00
 00 00 00 00 00 00 00 00 00 00 00 00 00 00 00 1a 00 00 00 14 3a 6c 78 80 90 7b 70 5b 5b 50 4a 3f 39 2e 30 31 32 2d 30 27 26 2d 00 00 00
code = 769, row = 45, col = 18
 00 00 00 00 00 00 00 00 00 00 00 00 00 00 00 00 00 00 00 00 00 00 00 00 00 00 00 00 00 00 00 00 00 00 00 00 00 00 00 00 00 00 00 00 00
 00 00 00 00 00 00 00 00 00 00 00 00 00 00 00 00 00 00 00 00 00 00 00 00 00 00 00 00 00 00 00 00 00 00 00 00 00 00 00 00 00 00 00 00 00
 00 00 00 00 00 00 00 00 00 00 00 00 00 00 00 00 00 00 00 00 00 00 00 00 00 00 07 07 00 02 00 00 06 0a 0a 04 0b 0c 19 1a 10 0b 00 00 00
 00 00 00 00 00 00 00 00 00 00 00 00 00 00 00 00 00 00 00 00 00 00 00 03 0d 0e 18 1c 10 16 11 14 19 25 1f 1c 1f 1b 20 22 1f 10 00 00 00
 00 00 00 00 00 00 00 00 00 00 00 00 00 00 00 00 00 00 00 00 00 00 08 11 19 1f 2f 31 1e 29 21 1f 14 28 1f 21 1f 24 20 1c 25 1a 00 00 00
 00 00 00 00 00 00 00 00 00 00 00 00 00 00 00 00 00 00 00 00 00 05 11 19 1f 1e 2a 33 30 3c 31 2a 20 3b 3a 2e 28 24 1a 1b 1a 1a 00 00 00
 00 00 00 00 00 00 00 00 00 00 00 00 00 00 00 00 00 00 00 00 09 1c 2e 36 37 37 4e 5a 42 3e 3d 3b 36 35 2b 24 29 22 20 18 18 10 00 00 00
 00 00 00 00 00 00 00 00 00 00 00 00 00 00 00 00 00 00 00 01 1f 45 59 5f 60 64 5d 5d 53 4e 44 42 37 45 2d 32 2c 31 2b 26 27 0f 00 00 00
 00 00 00 00 00 00 00 00 00 00 00 00 00 00 00 00 00 00 00 0a 32 47 6a 8b 84 7c 5e 5b 55 43 35 30 2b 2b 22 1d 11 0c 0c 06 03 02 00 00 00
 00 00 00 00 00 00 00 00 00 00 00 00 00 00 00 00 00 00 00 24 5f 92 b5 ca bb a1 67 5e 4c 3f 27 22 20 15 0d 07 00 00 00 00 00 00 00 00 00
 00 00 00 00 00 00 00 00 00 00 00 00 00 00 00 00 00 00 10 42 72 9c 9e b6 a6 91 6b 5a 47 33 0f 0a 04 03 00 00 00 00 00 00 00 00 00 00 00
 00 00 00 00 00 00 00 04 00 00 00 00 00 00 00 00 00 00 00 20 7c 90 82 6f 4a 48 37 3e 2d 0f 00 00 00 00 00 00 00 00 00 00 00 00 00 00 00
 00 00 00 00 00 00 00 00 00 00 00 00 00 00 00 00 00 00 00 26 a4 bf 9e 74 54 48 2b 2a 17 06 00 00 00 00 00 00 00 00 00 00 00 00 00 00 00
 00 00 00 00 00 00 00 00 00 00 00 00 00 00 00 00 00 00 00 08 61 64 4f 3e 2b 23 24 24 1b 07 00 00 00 00 00 00 00 00 00 00 00 00 00 00 00
 00 00 00 00 00 00 00 00 00 00 00 00 00 00 00 00 00 00 00 0e 79 95 8a 73 5d 53 4d 43 2f 2c 12 1b 11 0b 02 01 00 00 00 00 00 00 00 00 00
 00 00 00 00 00 00 00 00 00 00 00 00 00 00 00 00 00 00 00 0e 50 7d 74 72 5d 58 4e 41 30 35 1f 2c 28 2b 27 24 0d 0e 0e 0b 07 0b 00 00 00
 00 00 00 00 00 00 00 00 00 00 00 00 00 00 00 00 00 00 00 0d 39 63 64 7f 93 7c 6b 53 3e 38 2d 34 2c 2b 38 3a 34 26 1f 13 16 1d 00 00 00
 00 00 00 00 00 00 00 00 00 00 00 00 00 00 00 00 00 00 00 10 3c 6f 7c 87 96 85 77 5e 5e 53 4d 41 3b 2f 32 33 34 2d 31 28 29 2e 00 00 00
code = 769, row = 45, col = 18
 00 00 00 00 00 00 00 00 00 00 00 00 00 01 00 00 00 00 00 00 00 00 00 00 00 00 00 00 00 00 00 00 00 00 00 00 00 00 00 00 00 00 00 00 00
 00 00 00 00 00 00 00 00 00 00 00 00 00 00 00 00 00 00 00 00 00 00 00 00 00 00 00 00 00 00 00 00 00 00 00 00 00 00 00 00 00 00 00 00 00
 00 00 00 00 00 00 00 00 00 00 00 00 00 00 00 00 00 00 00 00 00 00 00 00 00 00 0a 09 00 05 00 00 07 0c 0d 07 0e 0f 1d 1d 12 0e 00 00 00
 00 00 00 00 00 00 00 00 00 00 00 00 00 00 00 00 00 00 00 00 00 00 00 02 0e 11 1b 1d 10 19 13 17 1a 26 20 1d 21 1e 21 25 22 10 00 00 00
 00 00 00 00 00 00 00 00 00 00 00 00 00 00 00 00 00 00 00 00 00 00 08 12 1b 23 30 32 20 2a 21 21 17 28 20 23 20 27 25 1d 26 1b 00 00 00
 00 00 00 00 00 00 00 00 00 00 00 00 00 00 00 00 00 00 00 00 00 05 13 19 21 21 2b 35 32 3d 33 2b 22 3b 3d 2f 28 27 1b 1b 1e 1c 00 00 00
 00 00 00 00 00 00 00 00 00 00 00 00 00 00 00 00 00 00 00 00 09 1c 30 38 37 39 51 5b 43 3f 3f 3d 39 35 2e 28 2a 24 24 1a 1a 15 00 00 00
 00 00 00 00 00 00 00 00 00 00 00 00 00 00 00 00 00 00 00 03 22 49 5d 64 66 65 60 62 56 52 46 44 39 46 31 34 2f 32 2d 27 27 10 00 00 00
 00 00 00 00 00 00 00 00 00 00 00 00 00 00 00 00 00 00 00 09 33 49 6c 90 88 82 62 5c 58 43 37 33 2c 2d 25 1f 13 10 0f 08 07 04 00 00 00
 00 00 00 00 00 00 00 00 00 00 00 00 00 00 00 00 00 00 00 26 61 95 b6 cb bb a4 6b 61 4f 40 29 25 21 16 0e 08 00 00 01 00 00 00 00 00 00
 00 00 00 00 00 00 00 00 00 00 00 00 00 00 00 00 00 00 0f 43 75 9e 9f b7 a3 8e 6a 5c 4a 36 13 0b 05 04 00 00 00 00 00 00 00 00 00 00 00
 00 00 00 00 00 00 00 00 00 00 00 00 00 00 00 00 00 00 00 1d 7a 90 83 6f 48 49 39 3f 2e 10 00 00 00 00 00 00 00 00 00 00 00 00 00 00 00
 00 00 00 00 00 00 00 00 00 00 00 00 00 00 00 00 00 00 00 21 a0 c1 9f 76 54 49 2c 2a 19 07 00 00 00 00 00 00 00 00 00 00 00 00 00 00 00
 00 00 00 00 00 00 00 00 00 00 00 00 00 00 00 00 00 00 00 04 5b 63 4f 3f 2c 23 24 25 1c 08 00 00 00 00 00 00 00 00 00 00 00 00 00 00 00
 00 00 00 00 00 00 00 00 00 00 00 00 00 00 00 00 00 00 00 0a 71 93 89 75 5e 53 4f 43 31 2d 12 1d 14 0d 02 01 00 00 00 00 00 00 00 00 00
 00 00 00 00 00 00 00 00 00 00 00 00 00 00 00 00 00 00 00 0d 4c 7d 76 73 5f 57 4f 43 32 34 20 2e 29 2c 28 24 10 0f 0f 0a 04 09 00 00 00
 00 00 00 00 00 00 00 00 00 00 00 00 00 00 00 00 00 00 00 0a 36 62 62 7d 91 7c 6c 54 3e 39 2e 33 2d 2a 3a 3b 35 27 21 15 1a 20 00 00 00
 00 00 00 00 00 00 00 00 00 00 00 00 00 00 00 00 00 00 00 0f 39 6b 78 82 91 81 77 5e 5f 54 4d 40 3d 32 34 34 35 2f 34 2b 2a 30 00 00 00
code = 769, row = 45, col = 18
 00 00 00 00 00 00 00 00 00 00 00 00 00 26 08 00 00 00 00 00 00 00 00 00 00 00 00 00 00 00 00 00 00 00 00 00 00 00 00 00 00 00 00 00 00
 00 00 00 00 00 00 00 00 00 00 00 00 00 4b 10 00 00 00 00 00 00 00 00 00 00 00 00 00 00 00 00 00 00 00 00 00 00 00 00 00 00 00 00 00 00
 00 00 00 00 00 00 00 00 00 00 00 00 00 00 03 00 00 00 00 00 00 00 00 00 00 00 0c 0a 01 07 00 01 08 0e 0e 08 0f 11 1d 1f 13 0f 00 00 00
 00 00 00 00 00 00 00 00 00 00 00 00 00 00 02 00 00 00 00 00 00 00 00 03 0f 14 1d 1e 12 1a 12 19 1c 26 22 1f 20 20 21 25 24 12 00 00 00
 00 00 00 00 00 00 00 00 00 00 00 00 00 00 00 00 00 00 00 00 00 00 0b 14 1c 23 30 33 22 2c 22 22 18 28 21 23 20 2a 24 1d 27 1c 00 00 00
 00 00 00 00 00 00 00 00 00 00 00 00 00 00 00 00 00 00 00 00 00 07 14 1d 23 21 2c 36 33 3f 33 2b 22 3c 3f 32 27 28 1a 1c 1e 1c 00 00 00
 00 00 00 00 00 00 00 00 00 00 00 00 00 00 00 00 00 00 00 00 09 1b 2f 38 36 3a 54 58 43 3f 3f 3d 38 35 2e 2a 2b 26 26 1b 1c 16 00 00 00
 00 00 00 00 00 00 00 00 00 00 00 00 00 00 00 00 00 00 00 06 24 4a 60 67 68 65 60 64 56 53 47 44 39 47 32 32 2f 33 2e 26 27 11 00 00 00
 00 00 00 00 00 00 00 00 00 00 00 00 00 00 00 00 00 00 00 09 32 47 6b 91 85 80 61 5b 56 43 38 33 2d 2d 26 20 12 0f 0f 06 07 04 00 00 00
 00 00 00 00 00 00 00 00 00 00 00 00 00 00 00 00 00 00 00 28 62 94 b5 c5 b4 9c 66 62 50 3e 29 26 1f 19 0b 06 00 00 00 00 00 00 00 00 00
 00 00 00 00 00 00 00 00 00 00 00 00 00 00 00 00 00 00 0b 46 74 9a 99 ac 9a 84 66 5a 48 35 12 09 04 03 00 00 00 00 00 00 00 00 00 00 00
 00 00 00 00 00 00 00 00 00 00 00 00 00 00 00 00 00 00 00 1a 75 88 7c 68 46 47 3a 3e 2d 0f 00 00 00 00 00 00 00 00 00 00 00 00 00 00 00
 00 00 00 00 00 00 00 00 00 00 00 00 00 00 00 00 00 00 00 1f 96 b8 99 73 52 48 2d 29 17 06 00 00 00 00 00 00 00 00 00 00 00 00 00 00 00
 00 00 00 00 00 00 00 00 00 00 00 00 00 00 00 00 00 00 00 03 55 5d 4b 3f 2b 25 25 25 18 08 00 00 00 00 00 00 00 00 00 00 00 00 00 00 00
 00 00 00 00 00 00 00 00 00 00 00 00 00 00 00 00 00 00 00 0d 6d 8b 80 72 5d 52 4e 43 31 2c 12 1c 15 0c 03 01 00 00 00 00 00 00 00 00 00
 00 00 00 00 00 00 00 00 00 00 00 00 00 00 00 00 00 00 00 0f 49 78 71 70 5e 55 4d 42 32 34 20 2e 29 2a 28 24 13 0d 0f 0a 01 09 00 00 00
 00 00 00 00 00 00 00 00 00 00 00 00 00 00 00 00 00 00 00 0b 34 5d 5d 78 87 73 65 4f 3a 39 2b 32 2b 2a 39 39 36 28 22 15 1a 20 00 00 00
 00 00 00 00 00 00 00 00 00 00 00 00 00 00 00 00 00 00 00 13 37 65 6f 77 81 72 6e 5a 5c 53 49 3e 3a 32 33 34 35 2f 34 2c 2a 31 00 00 00
code = 769, row = 45, col = 18
 00 00 00 00 00 00 00 00 00 00 00 00 00 16 00 00 00 00 00 00 00 00 00 00 00 00 00 00 00 00 00 00 00 00 00 00 00 00 00 00 00 00 00 00 00
 00 00 00 00 00 00 00 00 00 00 00 00 00 51 0b 00 00 00 00 00 00 00 00 00 00 00 00 00 00 00 00 00 00 00 00 00 00 00 00 04 00 00 00 00 00
 00 00 00 00 00 00 00 00 00 00 00 00 00 05 1e 00 00 00 00 00 00 00 00 00 01 01 0f 0d 02 07 00 01 09 10 11 0a 12 14 20 21 14 11 00 00 00
 00 00 00 00 00 00 00 00 00 00 00 00 00 00 04 00 00 00 00 00 00 00 00 03 0f 15 1e 1e 12 1b 13 19 1d 25 23 20 20 1f 22 26 25 12 00 00 00
 00 00 00 00 00 00 00 00 00 00 00 00 00 00 00 00 00 00 00 00 00 01 0d 13 20 25 32 35 22 2e 24 23 1a 2a 23 24 21 2b 25 1d 29 1b 00 00 00
 00 00 00 00 00 00 00 00 00 00 00 00 00 00 00 00 00 00 00 00 01 08 15 1e 25 23 2c 35 34 40 33 2a 22 3d 40 33 28 28 1a 1c 1d 1d 00 00 00
 00 00 00 00 00 00 00 00 00 00 00 00 00 00 00 00 00 00 00 00 09 1d 30 3b 37 3c 54 58 44 40 3f 3c 37 34 30 2b 2d 26 25 1b 1d 16 00 00 00
 00 00 00 00 00 00 00 00 00 00 00 00 00 00 00 00 00 00 00 07 26 4d 62 69 68 67 5f 64 57 54 49 44 39 47 31 31 2f 34 2e 24 2a 11 00 00 00
 00 00 00 00 00 00 00 00 00 00 00 00 00 00 00 00 00 00 00 0b 34 4a 6e 96 89 83 60 5e 55 43 37 32 2e 2c 25 20 12 0d 0d 03 04 04 00 00 00
 00 00 00 00 00 00 00 00 00 00 00 00 00 00 00 00 00 00 02 2b 64 96 bb cc bd 9f 68 63 51 41 2b 26 20 18 0b 05 00 00 00 00 00 00 00 00 00
 00 00 00 00 00 00 00 00 00 00 00 00 00 00 00 00 00 00 0a 48 74 99 99 ae 9c 86 67 5b 49 36 11 09 04 03 00 00 00 00 00 00 00 00 00 00 00
 00 00 00 00 00 00 00 00 00 00 00 00 00 00 00 00 00 00 00 1f 78 89 7d 68 48 46 3a 3e 2e 0f 00 00 00 00 00 00 00 00 00 00 00 00 00 00 00
 00 00 00 00 00 00 00 00 00 00 00 00 00 00 00 00 00 00 00 22 9a b8 98 71 52 48 2d 29 18 06 00 00 00 00 00 00 00 00 00 00 00 00 00 00 00
 00 00 00 00 00 00 00 00 00 00 00 00 00 00 00 00 00 00 00 05 59 5c 4a 3f 2a 27 27 26 19 07 00 00 00 00 00 00 00 00 00 00 00 00 00 00 00
 00 00 00 00 00 00 00 00 00 00 00 00 00 00 00 00 00 00 00 0f 6f 89 7e 70 5a 53 4d 44 31 2a 12 1b 14 0c 01 01 00 00 00 00 00 00 00 00 00
 00 00 00 00 00 00 00 00 00 00 00 00 00 00 00 00 00 00 00 10 48 78 6e 6c 5d 55 4c 40 31 33 1f 2d 27 2a 27 24 13 0d 12 0d 04 0c 00 00 00
 00 00 00 00 00 00 00 00 00 00 00 00 00 00 00 00 00 00 00 0e 33 5b 59 73 81 6c 5e 4d 37 36 28 32 29 29 37 38 34 27 22 17 19 1f 00 00 00
 00 00 00 00 00 00 00 00 00 00 00 00 00 00 00 00 00 00 00 14 37 61 6a 6f 76 66 65 55 58 4f 48 3e 39 30 30 33 32 2c 33 2b 29 30 00 00 00
code = 769, row = 45, col = 18
 00 00 00 00 00 00 00 00 00 00 00 00 00 00 00 00 00 00 00 00 00 00 00 00 00 00 00 00 00 00 00 00 00 00 00 00 00 00 00 00 00 00 00 00 00
 00 00 00 00 00 00 00 00 00 00 00 00 00 02 00 00 00 00 00 00 00 00 00 00 00 00 00 00 00 00 00 00 00 00 00 00 00 00 00 03 00 00 00 00 00
 00 00 00 00 00 00 00 00 00 00 00 00 07 15 10 00 00 00 00 00 00 00 00 00 02 01 10 0d 04 07 00 01 0a 11 12 0c 13 16 21 24 17 10 00 00 00
 00 00 00 00 00 00 00 00 00 00 00 00 01 06 00 00 00 00 00 00 00 00 00 04 10 14 1e 1e 13 1a 15 1a 1e 27 24 20 23 21 23 29 26 11 00 00 00
 00 00 00 00 00 00 00 00 00 00 00 00 05 0c 00 00 00 00 00 00 00 00 0b 12 1f 27 33 35 21 2e 25 23 1c 2a 24 25 22 2a 28 1f 2a 1c 00 00 00
 00 00 00 00 00 00 00 00 00 00 00 00 00 09 00 00 00 00 00 00 00 07 14 1d 26 25 2e 33 34 3e 34 2b 22 3c 41 32 28 28 1b 1c 20 1e 00 00 00
 00 00 00 00 00 00 00 00 00 00 00 00 00 00 02 00 00 00 00 00 0a 1e 30 3b 3a 3d 56 5c 46 40 3f 3d 39 34 31 2b 2c 27 25 1d 1d 17 00 00 00
 00 00 00 00 00 00 00 00 00 00 00 00 00 00 00 00 00 00 00 06 25 4c 61 69 69 67 5f 63 58 54 4a 46 3a 46 31 33 2f 33 2f 25 2d 12 00 00 00
 00 00 00 00 00 00 00 00 00 00 00 00 00 00 00 00 00 00 00 0b 32 4a 6e 98 8a 83 63 60 57 43 38 32 2e 2c 25 21 12 0e 0d 05 03 04 00 00 00
 00 00 00 00 00 00 00 00 00 00 00 00 00 00 00 00 00 00 00 2b 66 9b c0 d8 c9 a9 6d 64 52 43 2c 28 22 1a 0c 06 00 00 01 00 00 00 00 00 00
 04 00 00 00 00 00 00 00 00 00 00 00 00 00 00 00 00 00 0b 46 77 a0 a2 bd ab 91 6e 5d 4b 38 13 0a 05 04 02 00 00 00 00 00 00 00 00 00 00
 00 00 00 00 00 00 00 00 00 00 00 00 00 00 00 00 00 00 00 22 7d 92 87 71 4c 49 3b 3f 2f 10 00 00 00 00 00 00 00 00 00 00 00 00 00 00 00
 00 00 00 00 00 00 00 00 00 00 00 00 00 00 00 00 00 00 00 25 a2 c1 a0 73 54 4a 2e 29 17 05 00 00 00 00 00 00 00 00 00 00 00 00 00 00 00
 00 00 00 00 00 00 00 00 00 00 00 00 00 00 00 00 00 00 00 06 5e 61 4d 3e 2a 26 28 26 1c 07 00 00 00 00 00 00 00 00 00 00 00 00 00 00 00
 00 00 00 00 00 00 00 00 00 00 00 00 00 00 00 00 00 00 00 0d 71 91 82 70 59 54 4d 44 31 2b 12 1c 12 0d 00 02 00 00 00 00 00 00 00 00 00
 00 00 00 00 00 00 00 00 00 00 00 00 00 00 00 00 00 00 00 0f 4a 7d 71 6d 5c 55 4b 3f 2f 31 1e 2c 26 29 26 24 11 0e 11 0e 06 0c 00 00 00
 00 00 00 00 00 00 00 00 00 00 00 00 00 00 00 00 00 00 00 0f 32 5d 5c 74 82 6c 5f 4d 39 36 29 32 29 27 37 39 34 25 20 17 18 1f 00 00 00
 00 00 00 00 00 00 00 00 00 00 00 00 00 00 00 00 00 00 00 14 3a 65 6f 72 7a 6a 68 57 59 4f 4a 3f 38 2f 2f 31 34 2c 33 2a 28 30 00 00 00
code = 769, row = 45, col = 18
 00 00 00 00 00 00 00 00 00 00 00 00 00 00 00 00 00 00 00 00 00 00 00 00 00 00 00 00 00 00 00 00 00 00 00 00 00 00 00 00 00 00 00 00 00
 00 00 00 00 00 00 00 00 00 00 00 00 00 00 00 00 00 00 00 00 00 00 00 00 00 00 00 00 00 00 00 00 00 00 00 00 00 00 00 02 00 00 00 00 00
 00 00 00 00 00 00 00 00 00 00 00 00 79 55 00 00 00 00 00 00 00 00 00 00 05 01 0f 0f 07 0a 02 05 0b 13 13 0d 12 17 21 26 19 10 00 00 00
 00 00 00 00 00 00 00 00 00 00 00 00 35 22 00 00 00 00 00 00 00 00 00 06 12 13 1d 20 15 1b 16 1b 1f 29 23 21 23 22 23 2c 26 13 00 00 00
 00 00 00 00 00 00 00 00 00 00 00 00 36 32 00 00 00 00 00 00 00 01 0c 12 1f 24 31 35 22 2f 26 24 1d 29 23 26 21 29 28 20 2a 1c 00 00 00
 00 00 00 00 00 00 00 00 00 00 00 00 05 2b 00 00 00 00 00 00 01 09 15 1f 28 24 2d 34 34 3f 35 2c 22 3e 40 31 27 29 1b 1d 21 1d 00 00 00
 00 00 00 00 00 00 00 00 00 00 00 00 00 0a 2c 00 00 00 00 00 0d 20 31 3b 3b 3b 55 5c 45 41 3f 3e 39 34 2f 2a 2c 26 25 1d 1e 17 00 00 00
 00 00 00 00 00 00 00 00 00 00 00 00 00 00 00 00 00 00 00 04 22 46 5b 65 68 66 5d 5d 55 50 47 44 39 45 30 32 2f 33 30 26 2d 12 00 00 00
 00 00 00 00 00 00 00 00 00 00 00 00 00 00 00 00 00 00 00 0c 30 45 6c 93 83 7d 63 5d 55 41 37 30 2d 2a 25 21 14 0e 0e 06 05 04 00 00 00
 00 00 00 00 00 00 00 00 00 00 00 00 00 00 00 00 00 00 00 2a 65 99 bb cf c0 9f 69 62 4f 40 2a 26 22 1a 0c 06 00 00 01 00 00 00 00 00 00
 06 00 00 00 00 00 00 00 00 00 00 00 00 00 00 00 00 00 0c 44 77 a1 a0 b9 a7 8e 6f 5d 49 36 11 0a 06 03 02 00 00 00 00 00 00 00 00 00 00
 00 00 00 00 00 00 00 00 00 00 00 00 00 00 00 00 00 00 00 21 7d 91 88 71 4d 48 3c 3f 30 0f 00 00 00 00 00 00 00 00 00 00 00 00 00 00 00
 00 00 00 00 00 00 00 00 00 00 00 00 00 00 00 00 00 00 00 25 a0 c3 a3 77 55 49 2f 2c 18 06 00 00 00 00 00 00 00 00 00 00 00 00 00 00 00
 00 00 00 00 00 00 00 00 00 00 00 00 00 00 00 00 00 00 00 06 5e 63 4f 3e 2b 24 25 27 1c 07 00 00 00 00 00 00 00 00 00 00 00 00 00 00 00
 00 00 00 00 00 00 00 00 00 00 00 00 00 00 00 00 00 00 00 0e 70 93 84 71 5c 52 4c 43 31 2b 12 1c 12 0d 00 01 00 00 00 00 00 00 00 00 00
 00 00 00 00 00 00 00 00 00 00 00 00 00 00 00 00 00 00 00 10 4d 7f 75 6f 5c 53 4a 41 2f 32 1f 2c 26 29 26 24 10 0f 10 0b 04 0a 00 00 00
 00 00 00 00 00 00 00 00 00 00 00 00 00 00 00 00 00 00 00 0e 35 5e 5f 74 83 6b 60 4e 3a 35 2b 32 2a 28 37 3a 34 27 21 16 18 21 00 00 00
 00 00 00 00 00 00 00 00 00 00 00 00 00 00 00 00 00 00 00 17 3c 68 70 75 7e 6e 6b 59 5a 52 49 3e 3a 2f 2f 32 35 2e 33 29 29 32 00 00 00
code = 769, status = SAMPLING, sensel_area = 2.25
code = 769, status = TO_STOP, sensel_area = 2.25
code = 769, status = TO_STOP, sensel_area = 2.25
code = 0, status = CLOSED, sensel_area = 2.25
opened = True, closed = True, thread = 1
