1	1	1.188e+12	-1.0973e+09	3.078e+05	-2.9054	0.98127	1
2	1	5.7716e+10	4.3359e+07	19567	-0.2356	0.99976	2
3	1	4.5583e+10	6.4363e+07	9063.8	-0.24763	0.99967	3
4	1	1.2425e+10	1.3601e+08	-27007	0.08205	0.99932	4
5	1	-3.0888e+10	2.2046e+08	-58236	0.69379	0.99869	5
6	1	1.086e+10	1.4726e+08	-28862	0.39797	0.99947	6
7	1	-5.1457e+09	1.7312e+08	-41787	0.4228	0.99951	7
8	1	8.8233e+09	1.5335e+08	-31868	0.46301	0.99922	8
9	1	4.7693e+10	9.0687e+07	-806.35	-0.053939	0.99916	9
10	1	7.6125e+10	5.1596e+07	19197	-0.44702	0.99921	10
11	1	8.124e+10	5.6931e+06	35025	-0.84061	0.9985	11
12	1	8.6078e+10	-8.0373e+06	36127	-0.64378	0.99828	12
13	1	1.0074e+11	-4.1956e+07	47438	-0.41624	0.99942	13
14	1	6.5357e+10	1.8127e+07	22365	-0.22122	0.99954	14
15	1	3.9293e+10	6.6009e+07	2432.2	-0.16505	0.99939	15
16	1	3.6571e+10	8.1216e+07	-7785.2	-0.10708	0.99958	16
17	1	1.0469e+10	1.3803e+08	-30229	0.03857	0.99969	17
18	1	-5.3823e+10	2.3727e+08	-61687	0.18969	0.99905	18
19	1	3.2889e+10	9.6385e+07	-9685.6	0.26857	0.99943	19
20	1	4.0332e+10	1.1078e+08	-4347.9	-0.03951	0.99959	20
21	1	-1.7328e+10	1.7294e+08	21827	-0.3026	0.99964	21
22	1	5.1018e+09	1.3362e+08	35097	-0.53431	0.99932	22
23	1	3.0125e+10	9.3834e+07	47839	-0.58756	0.99931	23
24	1	-1.1477e+09	1.3535e+08	37899	-0.18031	0.99948	24
25	1	-1.6196e+10	1.5372e+08	40175	-0.25177	0.99972	25
26	1	-2.1871e+10	1.583e+08	46171	-0.57392	0.99968	26
27	1	6.238e+10	6.784e+07	82854	-1.089	0.99916	27
28	1	5.5343e+10	5.1611e+07	83933	-0.92316	0.99945	28
29	1	-2.5543e+10	1.6744e+08	35035	-0.45435	0.99973	29
30	1	-5.0451e+10	1.9931e+08	32164	-0.25766	0.99957	30
1	2	1.3167e+11	-2.4291e+07	36179	-0.67	0.99905	31
2	2	5.162e+10	4.9088e+07	22997	-0.33535	0.99968	32
3	2	5.2636e+10	4.4275e+07	24962	-0.4156	0.99954	33
4	2	4.7935e+10	5.9365e+07	16404	-0.27027	0.99964	34
5	2	-3.4768e+10	2.1445e+08	-44059	0.51921	0.99928	35
6	2	-1.1481e+10	1.7258e+08	-28558	0.36555	0.99951	36
7	2	2.3102e+10	1.1651e+08	-8734.7	-0.050644	0.99952	37
8	2	1.6884e+10	1.2867e+08	-11375	0.080337	0.99904	38
9	2	3.8968e+10	1.001e+08	2952.1	-0.1196	0.99937	39
10	2	5.6762e+10	8.3657e+07	11689	-0.36031	0.99936	40
11	2	7.3681e+10	1.9066e+07	27929	-0.62089	0.9982	41
12	2	9.5954e+10	-3.2116e+07	47624	-0.72949	0.99798	42
13	2	1.0434e+11	-5.4983e+07	54092	-0.43233	0.99875	43
14	2	7.6799e+10	-6.4976e+06	32794	-0.36075	0.99929	44
15	2	5.629e+10	3.0342e+07	18064	-0.31653	0.99937	45
16	2	5.3089e+10	4.9799e+07	4797.3	-0.1939	0.99956	46
17	2	1.3638e+10	1.3436e+08	-32037	0.041213	0.99953	47
18	2	-5.7763e+10	2.459e+08	-68542	0.35272	0.99957	48
19	2	2.6594e+10	1.1601e+08	-26101	0.36618	0.99913	49
20	2	2.7222e+10	1.4853e+08	-28697	0.092489	0.99963	50
21	2	-1.1261e+10	1.9003e+08	-432.87	0.043877	0.99977	51
22	2	2.1918e+10	1.2437e+08	27554	-0.54144	0.99935	52
23	2	3.5375e+10	1.0457e+08	31986	-0.49264	0.99944	53
24	2	-4.6267e+09	1.5877e+08	18245	-0.10647	0.9995	54
25	2	-6.9288e+10	2.4772e+08	-2157.1	0.022093	0.99972	55
26	2	-8.2492e+10	2.5571e+08	6556.5	-0.1739	0.99991	56
27	2	1.3204e+11	-2.4062e+07	1.1744e+05	-1.472	0.99853	57
28	2	3.6578e+10	8.6145e+07	72435	-0.73223	0.99953	58
29	2	-1.0019e+11	2.8566e+08	-8118.6	-0.42012	0.99926	59
30	2	-6.23e+10	2.2017e+08	26629	-0.0087494	0.99954	60
1	3	6.102e+10	7.114e+07	5073.6	-0.25979	0.99937	61
2	3	3.1877e+10	8.899e+07	5693	-0.22717	0.99959	62
3	3	3.6016e+10	7.8167e+07	10725	-0.41459	0.99916	63
4	3	3.4967e+10	8.2984e+07	9312.5	-0.31627	0.99907	64
5	3	-1.3404e+10	1.689e+08	-17685	0.24028	0.99899	65
6	3	3.3654e+10	9.0485e+07	11066	-0.12843	0.99984	66
7	3	5.4287e+10	5.5746e+07	23392	-0.48032	0.9993	67
8	3	1.4658e+10	1.3129e+08	-9475.3	-0.070763	0.99877	68
9	3	6.0799e+08	1.6753e+08	-24021	-0.056918	0.99902	69
10	3	2.6332e+10	1.4004e+08	-12458	-0.012725	0.99965	70
11	3	1.0769e+11	-1.9915e+07	29978	-0.46798	0.99788	71
12	3	1.253e+11	-6.6899e+07	49110	-0.55009	0.99837	72
13	3	1.1709e+11	-6.1762e+07	44393	-0.33125	0.99871	73
14	3	6.993e+10	2.1645e+07	8309.5	-0.11868	0.99932	74
15	3	6.1601e+10	3.1795e+07	9899.8	-0.15847	0.99945	75
16	3	5.5096e+10	5.168e+07	5.6951	-0.13171	0.99955	76
17	3	4.4043e+10	7.724e+07	-5123.5	-0.11399	0.99947	77
18	3	-1.5643e+10	1.5868e+08	-23115	-0.033344	0.99949	78
19	3	3.4378e+10	8.9988e+07	-6255.1	0.132	0.99945	79
20	3	1.7428e+10	1.5619e+08	-25169	-0.091621	0.9995	80
21	3	-1.7334e+10	2.4476e+08	-52408	0.37689	0.99892	81
22	3	4.8416e+10	9.8398e+07	21912	-0.25851	0.99937	82
23	3	7.4434e+10	4.9196e+07	41616	-0.47808	0.99916	83
24	3	1.2635e+10	1.4082e+08	13034	-0.11592	0.99951	84
25	3	-2.281e+10	1.9507e+08	1578	0.045506	0.99977	85
26	3	-7.1429e+10	2.6575e+08	-16718	0.04734	0.99992	86
27	3	5.0156e+10	1.1723e+08	49415	-0.8241	0.99879	87
28	3	9.9401e+09	1.4645e+08	35455	-0.59993	0.9992	88
29	3	-1.6894e+10	1.733e+08	20977	-0.23183	0.99981	89
30	3	-3.8492e+10	1.9716e+08	23904	-0.10527	0.99975	90
1	4	1.0703e+11	-3.2385e+07	34950	-0.46795	0.99884	91
2	4	7.0043e+10	3.7341e+06	26416	-0.34409	0.99942	92
3	4	6.9708e+10	-1.0782e+06	29364	-0.47846	0.99882	93
4	4	5.5646e+10	2.7162e+07	18039	-0.31625	0.99808	94
5	4	1.6068e+10	1.0735e+08	-10553	0.20566	0.99832	95
6	4	4.7862e+10	4.5485e+07	15106	-0.071912	0.99966	96
7	4	7.2854e+10	-47121	33587	-0.53643	0.99907	97
8	4	4.1859e+10	6.4718e+07	3599.9	-0.095747	0.99793	98
9	4	6.0533e+10	4.4151e+07	12113	-0.18455	0.99836	99
10	4	5.2751e+10	7.7902e+07	-3869	-0.14652	0.99901	100
11	4	1.0851e+11	-6.0152e+07	48876	-0.67603	0.99681	101
12	4	1.2681e+11	-1.0767e+08	67154	-0.76225	0.99631	102
13	4	1.3303e+11	-1.2356e+08	66562	-0.48596	0.99843	103
14	4	1.0098e+11	-6.7912e+07	43971	-0.31623	0.99903	104
15	4	7.6737e+10	-2.8509e+07	33183	-0.32382	0.99891	105
16	4	8.841e+10	-3.8736e+07	32698	-0.40581	0.99824	106
17	4	7.0436e+10	8.1463e+06	13289	-0.26314	0.99881	107
18	4	3.7238e+09	1.1411e+08	-19440	-0.032227	0.99901	108
19	4	5.6907e+10	3.5022e+07	1796.7	0.1863	0.99894	109
20	4	6.98e+10	5.3141e+07	435.21	-0.037973	0.99978	110
21	4	2.6701e+10	1.3655e+08	-17596	0.13053	0.99929	111
22	4	6.8448e+10	3.6876e+07	34324	-0.41732	0.99849	112
23	4	9.1047e+10	-3.8751e+06	48953	-0.53944	0.9989	113
24	4	5.004e+10	6.2635e+07	25890	-0.12624	0.99954	114
25	4	1.2001e+10	1.3009e+08	6060.6	0.066182	0.99947	115
26	4	-1.0146e+10	1.6087e+08	2949.3	-0.11342	0.99974	116
27	4	9.3627e+10	3.8413e+07	54884	-0.79746	0.99842	117
28	4	5.1927e+10	6.5789e+07	44353	-0.56962	0.99915	118
29	4	2.7548e+10	9.5682e+07	27160	-0.27568	0.99971	119
30	4	1.6011e+10	1.067e+08	36186	-0.081807	0.99947	120
1	5	1.2329e+11	-6.3706e+07	43558	-0.46133	0.99869	121
2	5	8.0848e+10	-1.6442e+07	29730	-0.32116	0.99932	122
3	5	8.0159e+10	-2.0637e+07	32398	-0.42541	0.99886	123
4	5	6.8854e+10	4.9083e+06	21605	-0.31956	0.9977	124
5	5	2.0312e+10	1.0273e+08	-15159	0.26365	0.99776	125
6	5	6.4903e+10	1.7848e+07	20128	-0.12384	0.9996	126
7	5	8.642e+10	-2.3431e+07	37382	-0.50376	0.99886	127
8	5	6.678e+10	2.3564e+07	14033	-0.17814	0.99764	128
9	5	8.333e+10	4.2494e+06	23360	-0.22171	0.99787	129
10	5	7.0184e+10	5.055e+07	161.91	-0.19621	0.99874	130
11	5	1.1533e+11	-7.6578e+07	54789	-0.67024	0.99595	131
12	5	1.3261e+11	-1.2167e+08	71706	-0.73265	0.9952	132
13	5	1.3959e+11	-1.3915e+08	71194	-0.43401	0.99821	133
14	5	1.1217e+11	-9.169e+07	52525	-0.3209	0.99829	134
15	5	9.0684e+10	-5.6053e+07	42612	-0.361	0.99859	135
16	5	9.9983e+10	-6.0928e+07	39167	-0.42057	0.99849	136
17	5	7.8916e+10	-6.8475e+06	15424	-0.27471	0.99886	137
18	5	8.0214e+09	1.1011e+08	-24060	0.074992	0.99903	138
19	5	7.1365e+10	1.0526e+07	6569.2	0.15031	0.99897	139
20	5	9.5e+10	1.2132e+07	10590	-0.016784	0.99958	140
21	5	4.4367e+10	1.0344e+08	-7982.6	0.052946	0.9992	141
22	5	9.0746e+10	2.75e+06	41100	-0.45793	0.99856	142
23	5	9.5884e+10	-1.3833e+07	47540	-0.46389	0.99885	143
24	5	6.284e+10	4.354e+07	26582	-0.062781	0.99937	144
25	5	2.2159e+10	1.15e+08	4390.3	0.07967	0.99949	145
26	5	1.2994e+10	1.27e+08	7935.2	-0.10354	0.99983	146
27	5	1.2197e+11	2.3055e+06	57200	-0.72286	0.99842	147
28	5	7.7748e+10	2.9695e+07	48615	-0.55601	0.99908	148
29	5	4.0593e+10	7.842e+07	24935	-0.23887	0.99965	149
30	5	3.5892e+10	7.9915e+07	37723	-0.001869	0.9996	150
1	6	8.0815e+10	2.1346e+07	13743	-0.31642	0.99878	151
2	6	4.0389e+10	6.0985e+07	7302.7	-0.17282	0.99968	152
3	6	4.3149e+10	5.2197e+07	11604	-0.31506	0.99938	153
4	6	2.8324e+10	8.3824e+07	-2879.1	-0.15639	0.99876	154
5	6	-3.1045e+10	1.978e+08	-45847	0.32712	0.99856	155
6	6	1.0077e+10	1.2062e+08	-13029	0.039568	0.99929	156
7	6	5.0039e+10	4.5006e+07	20174	-0.36551	0.99945	157
8	6	3.4307e+10	7.5364e+07	8749.3	-0.13741	0.9989	158
9	6	4.577e+10	6.7443e+07	12875	-0.30881	0.9988	159
10	6	2.4076e+10	1.213e+08	-10663	-0.15355	0.99893	160
11	6	6.0019e+10	2.5501e+07	31933	-0.70642	0.99744	161
12	6	7.9881e+10	-2.0958e+07	49058	-0.83553	0.99849	162
13	6	7.078e+10	-3.7876e+06	32966	-0.37027	0.99929	163
14	6	4.7443e+10	3.3841e+07	18601	-0.31351	0.99944	164
15	6	2.9931e+10	6.1432e+07	10908	-0.33386	0.99899	165
16	6	4.701e+10	3.6685e+07	20341	-0.48729	0.99931	166
17	6	3.5041e+10	6.6692e+07	10008	-0.35975	0.99927	167
18	6	-2.1065e+10	1.5605e+08	-20776	0.32369	0.99878	168
19	6	-1.4538e+10	1.7668e+08	-50385	0.73705	0.99886	169
20	6	-2.836e+09	1.8379e+08	-41212	0.22608	0.99974	170
21	6	-2.8367e+08	1.6349e+08	-17118	0.1293	0.99947	171
22	6	2.0294e+10	1.1989e+08	1116.2	-0.21768	0.99919	172
23	6	5.3539e+10	5.954e+07	24280	-0.38217	0.99938	173
24	6	5.7907e+09	1.4375e+08	-8980.8	0.057481	0.99978	174
25	6	2.1896e+09	1.4454e+08	1243.9	0.051502	0.99967	175
26	6	-3.674e+09	1.5091e+08	6409.3	-0.058903	0.99985	176
27	6	1.0305e+10	1.8503e+08	-9263.7	-0.11925	0.99968	177
28	6	2.9446e+10	9.4812e+07	39214	-0.60277	0.99925	178
29	6	-3.7638e+09	1.2831e+08	27705	-0.3733	0.99966	179
30	6	-1.6949e+10	1.4048e+08	35364	-0.41519	0.99958	180
1	7	2.7506e+10	1.0085e+08	-12825	-0.0042223	0.99972	181
2	7	-4.6181e+09	1.3296e+08	-18241	-0.11079	0.99946	182
3	7	4.4383e+10	3.176e+07	31873	-0.4277	0.99944	183
4	7	3.2611e+10	5.433e+07	23896	-0.44241	0.9989	184
5	7	-1.9182e+10	1.495e+08	-8554.9	0.099324	0.99903	185
6	7	-4.0676e+09	1.2225e+08	1620.4	-0.19043	0.99965	186
7	7	1.3513e+10	8.8936e+07	15004	-0.48663	0.99924	187
8	7	4.0606e+09	1.1289e+08	3855.6	-0.24047	0.9984	188
9	7	-5.2164e+09	1.3832e+08	-5741.4	-0.20877	0.99857	189
10	7	-1.465e+10	1.6852e+08	-19346	-0.14837	0.99903	190
11	7	3.695e+10	6.725e+07	13743	-0.45881	0.99876	191
12	7	4.2481e+10	4.7072e+07	19364	-0.53397	0.99894	192
13	7	2.1962e+10	7.9061e+07	1080.2	-0.13792	0.99963	193
14	7	2.4953e+10	6.5267e+07	12245	-0.14488	0.99937	194
15	7	9.7256e+09	8.466e+07	11144	-0.45908	0.9989	195
16	7	3.6776e+10	3.7404e+07	33488	-0.56177	0.9992	196
17	7	2.6951e+10	5.8023e+07	30754	-0.92475	0.99931	197
18	7	-3.1083e+10	1.4838e+08	1745.8	-0.48417	0.99897	198
19	7	-3.1837e+10	1.7283e+08	-24018	0.29512	0.99929	199
20	7	-4.6613e+10	2.1831e+08	-30018	-0.043472	0.9995	200
21	7	-3.0332e+10	2.0954e+08	-39413	0.39322	0.99961	201
22	7	9.0405e+09	1.2817e+08	-2096.5	-0.14056	0.99906	202
23	7	4.0128e+10	7.1662e+07	19129	-0.33259	0.99957	203
24	7	-3.2398e+09	1.4842e+08	-11230	0.093739	0.99975	204
25	7	1.0409e+10	1.1825e+08	12258	0.03708	0.99963	205
26	7	-1.5841e+10	1.6767e+08	-5219.2	-0.040925	0.99981	206
27	7	2.3382e+09	1.997e+08	-26034	0.17663	0.99977	207
28	7	2.3912e+10	1.0494e+08	25983	-0.46967	0.99919	208
29	7	9.2357e+09	1.1305e+08	22401	-0.16019	0.99987	209
30	7	-6.5668e+10	2.3279e+08	-15929	-0.25873	0.99923	210
1	8	-3.5961e+09	1.5032e+08	-29971	0.18499	0.99924	211
2	8	-2.5973e+10	1.6505e+08	-27191	0.14962	0.99963	212
3	8	9.9448e+09	8.9493e+07	11254	-0.12972	0.9998	213
4	8	-4.7301e+09	1.1284e+08	5715.6	-0.1874	0.99908	214
5	8	-4.108e+10	1.7305e+08	-6987.2	0.079159	0.99872	215
6	8	-4.0809e+09	1.0179e+08	24888	0.16268	0.99943	216
7	8	3.2468e+09	8.7631e+07	30464	-0.60642	0.99891	217
8	8	-4.3343e+09	1.0597e+08	23414	-0.41332	0.9985	218
9	8	-2.391e+10	1.4529e+08	9512.6	-0.42671	0.99867	219
10	8	-5.4955e+10	2.0884e+08	-15388	-0.24759	0.99914	220
11	8	2.6278e+10	8.1887e+07	9413	-0.18763	0.99919	221
12	8	2.5537e+10	7.4096e+07	9739.2	-0.2106	0.99938	222
13	8	2.5511e+10	6.8286e+07	9008.4	0.0038363	0.9989	223
14	8	4.9202e+09	1.001e+08	-2052.7	0.05134	0.99885	224
15	8	-1.2399e+08	9.9512e+07	6659.7	-0.14513	0.99928	225
16	8	2.2806e+10	6.1372e+07	24348	-0.33612	0.99939	226
17	8	-1.6844e+09	1.0591e+08	12185	-0.31239	0.99926	227
18	8	-5.0128e+10	1.7761e+08	-7614.5	-0.10539	0.99923	228
19	8	-4.9186e+10	1.9888e+08	-31931	0.67107	0.99883	229
20	8	-1.0431e+11	3.0763e+08	-61532	0.24235	0.99932	230
21	8	-3.5166e+10	1.8375e+08	-9817.3	-0.11782	0.99907	231
22	8	-1.115e+10	1.4055e+08	4516.6	-0.13625	0.99915	232
23	8	-1.7122e+10	1.5937e+08	-12230	0.011059	0.99962	233
24	8	-1.6293e+10	1.5341e+08	-5574.4	0.25098	0.99913	234
25	8	-2.148e+10	1.6212e+08	-2581.7	0.2354	0.99917	235
26	8	-2.8705e+10	1.7853e+08	-7054.8	0.14311	0.99956	236
27	8	1.3953e+10	1.6755e+08	-10936	0.11899	0.99955	237
28	8	-1.6427e+10	1.6672e+08	-446.43	-0.15355	0.99946	238
29	8	8.8824e+09	1.0878e+08	23491	0.10589	0.99962	239
30	8	-6.3022e+10	2.2333e+08	-13246	-0.13133	0.99961	240
1	9	-1.2474e+09	1.3515e+08	-14723	0.059869	0.99938	241
2	9	-2.1063e+10	1.449e+08	-9675.6	0.086085	0.99967	242
3	9	-3.9945e+09	1.0751e+08	10314	-0.16102	0.99979	243
4	9	-6.1578e+09	1.0904e+08	13686	-0.31085	0.9989	244
5	9	-3.055e+10	1.4766e+08	9499.2	-0.01274	0.99859	245
6	9	-4.0416e+09	9.6403e+07	31844	-0.088274	0.99931	246
7	9	1.9663e+10	5.6188e+07	47037	-0.43284	0.99936	247
8	9	-2.3828e+10	1.3755e+08	12300	-0.18981	0.99905	248
9	9	-4.2529e+10	1.8104e+08	-6273.6	-0.21949	0.99878	249
10	9	-6.6376e+10	2.3359e+08	-27939	-0.022892	0.99921	250
11	9	-1.1403e+10	1.1561e+08	25805	-0.34237	0.99919	251
12	9	-5.5667e+09	1.025e+08	25627	-0.48235	0.99927	252
13	9	-4.1349e+09	9.7477e+07	22369	-0.012858	0.99876	253
14	9	-1.0146e+10	1.0441e+08	21205	0.054299	0.99873	254
15	9	-2.1654e+10	1.1897e+08	19811	-0.17599	0.99928	255
16	9	-2.0504e+10	1.2282e+08	17042	-0.2881	0.99929	256
17	9	-2.9914e+10	1.4219e+08	13475	-0.37341	0.99921	257
18	9	-6.162e+10	1.8522e+08	3558.8	-0.1637	0.99904	258
19	9	-6.8558e+10	2.2303e+08	-29399	0.81305	0.99823	259
20	9	-1.5393e+11	3.7785e+08	-76104	0.22907	0.99916	260
21	9	-1.1465e+10	1.4561e+08	-242.31	0.068685	0.9994	261
22	9	-9.8766e+09	1.4541e+08	-5682.7	0.012953	0.99926	262
23	9	-1.098e+10	1.5244e+08	-15224	0.038352	0.99936	263
24	9	-2.7265e+09	1.3116e+08	-360.56	0.28751	0.99882	264
25	9	-1.9824e+10	1.651e+08	-10033	0.42931	0.99888	265
26	9	-2.8852e+10	1.8469e+08	-14594	0.3971	0.9993	266
27	9	-9.7068e+09	1.8075e+08	-5229.2	0.087575	0.99953	267
28	9	-2.7906e+09	1.2653e+08	24987	-0.26832	0.99937	268
29	9	-2.7831e+10	1.5754e+08	10254	0.052852	0.99952	269
30	9	-3.2357e+10	1.6226e+08	16023	0.10133	0.99952	270
1	10	7.2703e+09	1.0502e+08	2356.9	-0.26838	0.99928	271
2	10	3.0848e+08	9.593e+07	13618	-0.39274	0.99957	272
3	10	9.9891e+09	7.1329e+07	27023	-0.57534	0.9992	273
4	10	2.2711e+10	4.8915e+07	38621	-0.5728	0.99848	274
5	10	-2.0145e+10	1.314e+08	8243.8	-0.077205	0.99877	275
6	10	-2.3064e+09	9.923e+07	19048	-0.1874	0.99948	276
7	10	1.9561e+10	6.2382e+07	31306	-0.35809	0.9993	277
8	10	-1.3492e+10	1.3619e+08	-7174.5	0.012116	0.99832	278
9	10	-3.5077e+10	1.9324e+08	-37861	0.20995	0.99856	279
10	10	-1.9273e+10	1.8664e+08	-40746	0.39456	0.99873	280
11	10	-2.6756e+10	1.2706e+08	27294	-1.1691	0.99799	281
12	10	9.0266e+09	5.9124e+07	51854	-1.3939	0.99875	282
13	10	1.6461e+10	4.2084e+07	55247	-0.96068	0.99902	283
14	10	1.2691e+10	4.3632e+07	56780	-0.98304	0.99833	284
15	10	1.1369e+10	4.0174e+07	62433	-1.0203	0.99875	285
16	10	1.3788e+10	4.5337e+07	56635	-0.97129	0.99881	286
17	10	-1.1286e+10	9.5893e+07	36697	-0.79415	0.99858	287
18	10	-4.4535e+10	1.5061e+08	16387	-0.33924	0.99904	288
19	10	-6.7954e+10	2.2379e+08	-36248	0.43393	0.99852	289
20	10	-1.0561e+11	2.9916e+08	-51982	0.20581	0.99904	290
21	10	-7.3396e+09	1.5543e+08	-26759	0.34408	0.99894	291
22	10	2.1265e+10	7.9574e+07	18124	-0.29019	0.9991	292
23	10	4.0696e+10	4.0336e+07	35511	-0.47337	0.9992	293
24	10	1.1194e+10	9.2897e+07	15304	-0.088635	0.99958	294
25	10	-1.5018e+09	1.175e+08	10355	0.10632	0.99948	295
26	10	-2.9689e+10	1.7344e+08	-12625	0.096942	0.99956	296
27	10	-2.2735e+09	1.7454e+08	-17296	0.087334	0.99966	297
28	10	1.476e+10	9.3619e+07	30835	-0.44162	0.99917	298
29	10	8.6035e+09	9.0797e+07	31806	-0.14377	0.99974	299
30	10	-3.1105e+10	1.5534e+08	13278	-0.22743	0.99962	300
1	11	2.1374e+10	6.9929e+07	22890	-0.60125	0.99894	301
2	11	1.0026e+10	7.2107e+07	27198	-0.60136	0.99941	302
3	11	1.827e+10	5.3812e+07	35561	-0.78618	0.99906	303
4	11	3.4696e+09	8.2512e+07	23785	-0.65759	0.99822	304
5	11	-3.0031e+10	1.4527e+08	3495.4	-0.19552	0.99871	305
6	11	2.5381e+08	8.9903e+07	25205	-0.41538	0.99937	306
7	11	3.3318e+10	3.0421e+07	48670	-0.69072	0.99861	307
8	11	-7.9814e+09	1.1799e+08	4714.8	-0.24685	0.99812	308
9	11	-7.6818e+09	1.316e+08	-4706.1	-0.13374	0.99807	309
10	11	-4.0801e+10	2.1273e+08	-46383	0.3138	0.99909	310
11	11	1.0685e+10	8.6613e+07	9470.7	-0.38002	0.99814	311
12	11	8.3192e+09	8.5408e+07	6385.1	-0.54633	0.99749	312
13	11	3.5513e+10	2.0565e+07	38184	-0.52207	0.99903	313
14	11	2.8447e+10	2.6195e+07	39940	-0.52534	0.99904	314
15	11	2.7272e+10	2.191e+07	48490	-0.94215	0.99808	315
16	11	3.4858e+10	1.0558e+07	53780	-0.90522	0.99842	316
17	11	2.538e+10	3.3893e+07	46424	-0.74374	0.99904	317
18	11	-1.4473e+10	1.0178e+08	21083	-0.40373	0.99886	318
19	11	-2.8555e+10	1.5262e+08	-19249	-0.029971	0.99926	319
20	11	7.0194e+09	1.063e+08	12568	0.15568	0.99948	320
21	11	7.0372e+09	1.2998e+08	-24453	0.32949	0.99915	321
22	11	2.6165e+10	7.0677e+07	13947	-0.32013	0.99896	322
23	11	3.7591e+10	4.1748e+07	28311	-0.47252	0.99902	323
24	11	2.8325e+10	5.7356e+07	25098	-0.26725	0.9995	324
25	11	-3.0927e+09	1.1999e+08	533.37	0.0028373	0.99955	325
26	11	-8.9489e+09	1.3737e+08	-6353.3	-0.029609	0.99961	326
27	11	2.7799e+10	1.1823e+08	-2042.2	-0.060097	0.99978	327
28	11	2.4068e+10	7.6138e+07	29459	-0.55964	0.99887	328
29	11	3.6888e+09	9.1226e+07	27428	-0.5599	0.99936	329
30	11	1.8458e+10	5.6774e+07	53282	-0.63838	0.99968	330
1	12	4.1188e+10	3.5686e+07	31638	-0.53238	0.99946	331
2	12	7.9196e+09	8.0611e+07	15833	-0.25223	0.99976	332
3	12	-3.0848e+08	9.8524e+07	5310.9	-0.34927	0.99952	333
4	12	-2.0957e+10	1.4112e+08	-14930	-0.1905	0.99872	334
5	12	-5.3745e+10	1.9961e+08	-30439	0.11259	0.99897	335
6	12	-3.0604e+09	9.9365e+07	16112	-0.16087	0.99966	336
7	12	2.642e+10	4.333e+07	40671	-0.59758	0.99931	337
8	12	-3.9564e+09	1.056e+08	11452	-0.23538	0.999	338
9	12	-7.8681e+09	1.2293e+08	3069.7	-0.26746	0.99873	339
10	12	-1.5916e+10	1.5126e+08	-11181	0.022837	0.99934	340
11	12	2.816e+10	4.1141e+07	41693	-0.67057	0.99825	341
12	12	2.074e+10	5.2726e+07	31449	-0.77579	0.9979	342
13	12	2.2291e+10	4.1322e+07	36022	-0.54287	0.9993	343
14	12	3.2329e+10	1.5352e+07	51502	-0.44834	0.99941	344
15	12	8.9389e+09	5.4438e+07	38906	-0.8171	0.99886	345
16	12	1.3126e+10	5.2147e+07	38546	-0.70936	0.99885	346
17	12	6.411e+09	6.7148e+07	36863	-0.7192	0.99873	347
18	12	-2.3604e+10	1.0982e+08	27281	-0.7257	0.99864	348
19	12	-2.892e+10	1.3685e+08	4166.5	-0.55567	0.99846	349
20	12	4.1507e+10	2.4603e+07	63632	0.74797	0.99947	350
21	12	-6.0987e+08	1.1402e+08	6530.8	-0.13812	0.99928	351
22	12	1.4505e+09	1.1115e+08	3415.4	-0.19172	0.99896	352
23	12	1.2409e+10	9.3274e+07	5825.6	-0.14254	0.99945	353
24	12	-1.328e+10	1.4127e+08	-13660	0.13015	0.99964	354
25	12	3.7449e+09	1.0176e+08	15121	0.13164	0.99927	355
26	12	-1.5133e+10	1.3834e+08	2743	-0.10372	0.9997	356
27	12	2.0908e+10	1.0512e+08	20210	-0.27883	0.9993	357
28	12	3.6125e+10	3.9915e+07	54670	-0.69649	0.99932	358
29	12	-3.3072e+10	1.6495e+08	-8832.1	-0.33462	0.99903	359
30	12	2.2544e+10	5.5159e+07	49164	0.12135	0.99948	360
1	13	4.6952e+10	1.1412e+06	60301	-0.83582	0.99918	361
2	13	5.1116e+08	8.1083e+07	22754	-0.49149	0.99956	362
3	13	-9.1539e+09	1.0612e+08	5228.1	-0.39968	0.99924	363
4	13	-2.2899e+10	1.4047e+08	-14932	-0.09889	0.99897	364
5	13	-7.3785e+10	2.4387e+08	-58508	0.48515	0.99938	365
6	13	-3.7526e+10	1.7033e+08	-24424	0.20472	0.99975	366
7	13	7.2341e+09	8.1377e+07	17407	-0.21245	0.99934	367
8	13	9.8821e+09	7.8268e+07	20040	-0.18618	0.99904	368
9	13	1.3014e+10	7.886e+07	21323	-0.26264	0.99907	369
10	13	-9.9431e+09	1.3508e+08	-6085	-0.092919	0.99955	370
11	13	-1.6952e+10	1.2805e+08	4464.7	-0.3939	0.99889	371
12	13	-6.3113e+08	8.9197e+07	20340	-0.35088	0.99891	372
13	13	1.9224e+09	7.7384e+07	25404	-0.35334	0.99935	373
14	13	8.6018e+09	5.7056e+07	38659	-0.35103	0.99949	374
15	13	3.5357e+09	5.7408e+07	46480	-0.86317	0.99926	375
16	13	1.4853e+10	3.9166e+07	54911	-0.84624	0.99917	376
17	13	1.7278e+10	3.4928e+07	62587	-0.85007	0.99939	377
18	13	-1.8669e+10	9.2345e+07	43013	-0.59013	0.99957	378
19	13	-5.6155e+10	1.9069e+08	-19643	-0.051136	0.99962	379
20	13	-5.8862e+10	2.0446e+08	-11298	0.045699	0.99977	380
21	13	-3.8561e+08	1.1042e+08	9498.5	-0.09899	0.99959	381
22	13	-1.8584e+09	1.1828e+08	-908.64	-0.083967	0.99956	382
23	13	-6.2753e+09	1.2998e+08	-13256	0.068454	0.99958	383
24	13	-3.4106e+10	1.8139e+08	-34291	0.34588	0.99935	384
25	13	-7.4738e+09	1.2174e+08	4900.2	0.29694	0.99896	385
26	13	-1.6672e+10	1.3575e+08	4945	-0.027677	0.99966	386
27	13	1.2861e+10	1.2128e+08	7456.4	-0.096186	0.99915	387
28	13	3.4312e+10	4.6126e+07	44150	-0.38148	0.99934	388
29	13	-2.4283e+10	1.6472e+08	-25354	0.13251	0.99964	389
30	13	1.2859e+10	9.4281e+07	12066	0.38048	0.99899	390
1	14	5.2858e+10	2.9446e+06	40064	-0.66202	0.99894	391
2	14	2.4268e+10	4.3825e+07	24099	-0.26261	0.99972	392
3	14	-1.2155e+08	9.7385e+07	-6554.3	-0.2116	0.99959	393
4	14	2.8821e+09	9.7649e+07	-9041.1	-0.032946	0.99948	394
5	14	-4.2205e+10	1.9264e+08	-49881	0.49464	0.999	395
6	14	-2.3001e+10	1.5223e+08	-30984	0.18043	0.99973	396
7	14	1.6789e+10	6.706e+07	12032	-0.10483	0.99963	397
8	14	5.514e+09	9.132e+07	2208.6	-0.094784	0.99904	398
9	14	1.0383e+10	8.3789e+07	10252	-0.21097	0.99925	399
10	14	3.9383e+10	3.2953e+07	38192	-0.49252	0.99957	400
11	14	-1.9429e+10	1.3259e+08	1237.4	-0.59618	0.99798	401
12	14	1.4896e+10	5.9399e+07	32974	-0.79892	0.99884	402
13	14	1.7414e+10	4.688e+07	38386	-0.78682	0.99902	403
14	14	1.5531e+10	4.2858e+07	44230	-0.75682	0.99905	404
15	14	1.8666e+10	2.6031e+07	60259	-1.0851	0.99906	405
16	14	3.3704e+10	7.5538e+05	71389	-0.97167	0.99933	406
17	14	1.6727e+10	3.9605e+07	55370	-0.99495	0.99898	407
18	14	-2.6129e+10	1.1672e+08	22272	-0.61326	0.99915	408
19	14	-3.0978e+10	1.5329e+08	-13348	0.052685	0.99954	409
20	14	-4.2878e+10	1.9049e+08	-17825	-0.040996	0.99973	410
21	14	-1.0836e+10	1.3191e+08	-6683.3	0.01746	0.99965	411
22	14	4.1198e+07	1.0717e+08	3828.9	-0.22957	0.9995	412
23	14	8.7892e+09	8.9597e+07	8492.4	-0.23027	0.99937	413
24	14	6.0723e+09	9.3262e+07	9414.4	0.009058	0.99941	414
25	14	-1.2249e+10	1.3275e+08	-5945.2	0.10765	0.99967	415
26	14	-1.8867e+10	1.4826e+08	-11387	0.064607	0.99986	416
27	14	2.9135e+10	1.0181e+08	3578.6	-0.016087	0.99912	417
28	14	3.3457e+10	5.1352e+07	33790	-0.34884	0.99959	418
29	14	-5.1614e+09	1.3005e+08	-16079	0.23455	0.99965	419
30	14	-3.122e+10	1.8565e+08	-40960	0.49379	0.99927	420
1	15	5.0165e+10	-4.2616e+06	43870	-0.71946	0.9992	421
2	15	2.759e+10	2.9612e+07	29796	-0.45861	0.99964	422
3	15	2.0575e+10	4.8076e+07	16757	-0.47144	0.99936	423
4	15	1.0082e+10	7.4092e+07	2197.7	-0.20495	0.99912	424
5	15	-1.9343e+10	1.3718e+08	-22614	0.25168	0.99925	425
6	15	-2.9893e+09	1.0383e+08	-7398.3	-0.12211	0.99956	426
7	15	2.4688e+10	4.2499e+07	24270	-0.32816	0.99944	427
8	15	7.5175e+09	8.0562e+07	6142.8	-0.22197	0.99912	428
9	15	8.6845e+09	8.1845e+07	8893.3	-0.3328	0.99902	429
10	15	4.331e+10	1.6186e+07	45197	-0.79273	0.99903	430
11	15	-1.0672e+10	1.1873e+08	5517.5	-0.72872	0.99798	431
12	15	2.5835e+10	3.5564e+07	45753	-1.4585	0.99876	432
13	15	4.2306e+10	-8.9334e+06	69493	-1.7664	0.99931	433
14	15	3.7554e+10	-8.099e+06	73717	-1.4475	0.99942	434
15	15	3.7101e+10	-1.5422e+07	83653	-1.6907	0.99899	435
16	15	3.7853e+10	-1.1201e+07	79744	-1.7201	0.99866	436
17	15	1.644e+10	3.6171e+07	59604	-1.4199	0.99834	437
18	15	-2.6516e+10	1.107e+08	29726	-1.0513	0.99841	438
19	15	-2.6234e+09	8.203e+07	31432	-0.59617	0.99919	439
20	15	1.7778e+10	5.8822e+07	52822	-0.12073	0.99988	440
21	15	-1.7801e+09	8.8685e+07	21240	-0.52252	0.99923	441
22	15	2.2659e+10	4.2434e+07	37194	-0.71917	0.99873	442
23	15	1.6734e+10	6.4936e+07	13384	-0.44005	0.99912	443
24	15	2.3444e+10	5.7775e+07	12719	-0.17555	0.99963	444
25	15	1.7592e+10	7.2675e+07	6542.2	-0.01563	0.99977	445
26	15	2.0782e+10	7.296e+07	5168.1	-0.090187	0.99981	446
27	15	8.5222e+10	-7.4889e+06	32826	-0.5885	0.99901	447
28	15	5.5392e+10	5.0443e+06	37616	-0.81424	0.99918	448
29	15	3.0571e+10	4.4811e+07	16075	-0.31071	0.99988	449
30	15	4.008e+09	1.0376e+08	-11467	0.13983	0.99981	450
1	16	4.7279e+10	-5.2331e+05	41768	-0.77307	0.99891	451
2	16	2.3293e+10	3.594e+07	27041	-0.67048	0.99921	452
3	16	2.9415e+10	2.2016e+07	33943	-0.87739	0.9986	453
4	16	2.3933e+10	3.3124e+07	29646	-0.63596	0.99886	454
5	16	-9.8099e+09	1.1095e+08	-6813.6	0.030806	0.99926	455
6	16	3.5237e+09	8.3828e+07	4329.3	-0.21063	0.99959	456
7	16	2.4147e+10	4.0158e+07	25083	-0.54109	0.99894	457
8	16	2.6252e+10	3.8289e+07	26836	-0.47741	0.99841	458
9	16	2.483e+10	4.5495e+07	25494	-0.52722	0.99868	459
10	16	4.2707e+10	1.5831e+07	42468	-0.79248	0.99891	460
11	16	2.3121e+10	3.4861e+07	59776	-1.3303	0.99758	461
12	16	4.5065e+10	-1.1833e+07	77462	-1.4842	0.99834	462
13	16	4.7639e+10	-2.1687e+07	78404	-1.0256	0.99933	463
14	16	2.5826e+10	1.4567e+07	64285	-1.1131	0.99866	464
15	16	2.7328e+10	6.5346e+06	71944	-1.3596	0.99857	465
16	16	3.4897e+10	-2.9936e+05	72370	-1.474	0.99832	466
17	16	2.2339e+10	2.4379e+07	65875	-1.4974	0.99853	467
18	16	-1.5108e+10	8.4313e+07	45928	-1.6241	0.99797	468
19	16	2.2336e+10	2.7821e+07	60255	-0.41781	0.99944	469
20	16	-9.5391e+09	1.035e+08	37284	-0.79523	0.99892	470
21	16	2.1554e+10	5.2459e+07	17067	-0.30362	0.99931	471
22	16	2.5864e+10	4.3757e+07	16103	-0.30868	0.99884	472
23	16	3.0614e+10	3.9585e+07	9166.4	-0.20003	0.99955	473
24	16	2.5343e+10	4.6146e+07	9249.4	-0.086256	0.99932	474
25	16	2.7725e+10	4.6337e+07	10502	-0.097046	0.99975	475
26	16	3.058e+10	3.9729e+07	17632	-0.30964	0.99979	476
27	16	9.7467e+10	-5.2373e+07	51153	-0.61455	0.99865	477
28	16	4.6487e+10	1.8278e+07	21073	-0.39551	0.99934	478
29	16	5.327e+10	-1.8406e+07	48846	-0.69962	0.99948	479
30	16	2.8627e+10	3.2709e+07	27641	-0.38565	0.99957	480
1	17	2.4061e+10	3.7338e+07	24863	-0.46369	0.99922	481
2	17	1.1016e+10	4.9291e+07	24540	-0.44969	0.99928	482
3	17	1.8344e+10	3.1398e+07	35521	-0.68204	0.99914	483
4	17	1.2522e+10	4.263e+07	31826	-0.54531	0.99929	484
5	17	-4.0032e+09	8.2865e+07	14371	0.0030588	0.99946	485
6	17	1.4299e+09	7.5075e+07	13166	-0.25719	0.99946	486
7	17	8.0046e+09	6.1264e+07	17843	-0.3609	0.99898	487
8	17	8.147e+09	6.7895e+07	11138	-0.21767	0.99875	488
9	17	9.2769e+09	7.0318e+07	11060	-0.28814	0.99882	489
10	17	1.8131e+10	5.9575e+07	16778	-0.33314	0.99913	490
11	17	1.6527e+10	3.1659e+07	59575	-1.3345	0.99765	491
12	17	3.6128e+10	-9.3321e+06	73556	-1.2377	0.99784	492
13	17	2.5578e+10	1.3909e+07	54544	-0.72233	0.99878	493
14	17	1.1968e+10	3.882e+07	43051	-0.80478	0.99897	494
15	17	8.3753e+09	4.3585e+07	42156	-0.82342	0.99891	495
16	17	1.1105e+10	4.3036e+07	40674	-0.8645	0.99867	496
17	17	1.4252e+10	3.7963e+07	47992	-1.0133	0.99879	497
18	17	-4.2669e+10	1.4514e+08	1302.3	-0.83506	0.99799	498
19	17	1.347e+10	3.5269e+07	51776	-0.58407	0.99946	499
20	17	2.3159e+10	2.8979e+07	66117	-0.42187	0.99945	500
21	17	1.6475e+10	4.6091e+07	15911	-0.28047	0.99933	501
22	17	2.6442e+10	2.5285e+07	21994	-0.37279	0.99871	502
23	17	2.4788e+10	4.0063e+07	822.31	-0.026732	0.99904	503
24	17	1.8415e+10	5.1902e+07	-2081.6	0.064182	0.99905	504
25	17	1.3522e+10	6.2038e+07	-212.6	0.024444	0.99904	505
26	17	1.2288e+10	5.9427e+07	9779	-0.19472	0.99938	506
27	17	4.2398e+10	2.628e+07	22214	-0.25092	0.99861	507
28	17	7.8402e+09	8.3729e+07	-11006	-0.12098	0.99931	508
29	17	4.155e+10	-8.8046e+06	45327	-0.31809	0.9994	509
30	17	3.0791e+10	1.6837e+07	34091	-0.13964	0.99906	510
1	18	-8.6168e+09	9.1947e+07	-3844.1	-0.13783	0.99953	511
2	18	-1.1605e+10	8.2473e+07	8474.2	-0.30699	0.99971	512
3	18	3.2107e+09	4.2064e+07	35023	-0.67361	0.99929	513
4	18	4.5772e+09	3.8373e+07	38934	-0.72626	0.99911	514
5	18	-1.3948e+10	8.5942e+07	14633	0.11974	0.99866	515
6	18	-2.5557e+10	1.178e+08	-10005	-0.16884	0.99933	516
7	18	-1.0136e+10	8.6121e+07	2804.1	-0.17267	0.99947	517
8	18	-1.5819e+10	1.0598e+08	-12363	0.11185	0.99895	518
9	18	-1.7869e+10	1.1611e+08	-18620	0.0059728	0.99905	519
10	18	3.1111e+09	7.6643e+07	2675.2	-0.03816	0.99923	520
11	18	-3.6274e+09	5.6563e+07	40096	-1.1715	0.9982	521
12	18	3.168e+09	3.8823e+07	45435	-1.1645	0.99869	522
13	18	6.4795e+09	2.9111e+07	46426	-0.48061	0.9993	523
14	18	2.3089e+08	4.1749e+07	39985	-0.72874	0.99908	524
15	18	-5.4679e+08	4.2481e+07	39424	-0.67886	0.99915	525
16	18	-1.5362e+10	8.5159e+07	10555	-0.77069	0.99857	526
17	18	-1.011e+10	7.4009e+07	19431	-0.73047	0.99934	527
18	18	-5.1191e+10	1.6702e+08	-31326	-0.3418	0.99795	528
19	18	-1.6199e+10	8.9749e+07	7910.6	-0.07261	0.99918	529
20	18	1.815e+10	2.1228e+07	54769	1.3724	0.99881	530
21	18	9.7116e+09	5.368e+07	-1306.2	0.14408	0.99914	531
22	18	3.7045e+09	6.1957e+07	-3482.7	-0.042119	0.99967	532
23	18	1.4026e+10	3.1778e+07	16793	-0.46282	0.99925	533
24	18	-7.8052e+08	6.7745e+07	-2909.9	0.054554	0.99953	534
25	18	-1.0383e+09	6.9112e+07	570.04	0.16959	0.99939	535
26	18	-4.867e+09	8.1088e+07	-5114.9	0.011424	0.99981	536
27	18	2.8557e+10	3.068e+07	16874	-0.14054	0.99948	537
28	18	-1.5028e+10	1.2004e+08	-37117	0.17313	0.99943	538
29	18	7.0577e+09	4.6959e+07	16395	-0.027964	0.99962	539
30	18	1.5717e+10	1.8757e+07	42692	0.78825	0.99896	540
1	19	1.8391e+10	1.7635e+07	25578	-0.45597	0.99935	541
2	19	1.4139e+10	1.668e+07	29495	-0.52164	0.99958	542
3	19	2.0067e+10	-2.9048e+06	43535	-0.797	0.99927	543
4	19	1.5878e+10	6.3127e+06	41265	-0.7496	0.9986	544
5	19	-6.4121e+09	6.474e+07	9852.2	0.23929	0.99913	545
6	19	-5.0056e+08	5.5957e+07	7417.3	-0.11295	0.99948	546
7	19	1.2886e+10	2.4676e+07	22348	-0.36503	0.9993	547
8	19	4.0227e+08	6.0313e+07	-1372.7	0.039086	0.99815	548
9	19	6.7819e+09	4.8934e+07	5565.1	-0.11549	0.99885	549
10	19	1.5634e+10	3.0854e+07	19737	-0.37416	0.99943	550
11	19	1.4552e+10	1.0425e+07	43908	-1.4129	0.99656	551
12	19	2.539e+10	-1.9714e+07	56819	-1.6654	0.99657	552
13	19	2.9224e+10	-2.9676e+07	55035	-0.95431	0.99889	553
14	19	2.0688e+10	-1.0241e+07	43785	-0.75091	0.99882	554
15	19	1.7634e+10	-2.9146e+06	38885	-0.91604	0.99864	555
16	19	2.127e+10	-6.5761e+06	35939	-1.0074	0.99813	556
17	19	2.0326e+10	-3.3117e+05	32920	-0.82929	0.99901	557
18	19	-2.6744e+09	5.8206e+07	-3683.2	-0.23347	0.99918	558
19	19	1.4335e+10	2.1522e+07	10278	-0.055682	0.99944	559
20	19	4.4197e+10	-4.1974e+07	58163	0.60761	0.99938	560
21	19	7.5768e+09	3.719e+07	11641	-0.17588	0.99949	561
22	19	1.1386e+10	2.8767e+07	12199	-0.3375	0.99911	562
23	19	1.9708e+10	2.9718e+06	29025	-0.68043	0.99886	563
24	19	1.1679e+10	2.636e+07	12854	-0.13991	0.99907	564
25	19	7.3298e+09	3.8521e+07	7507	0.046865	0.99944	565
26	19	6.0401e+09	4.6174e+07	2358.3	-0.030288	0.99968	566
27	19	3.571e+10	-9.0493e+06	32538	-0.49811	0.99871	567
28	19	2.0739e+10	1.6256e+07	12937	-0.3802	0.99888	568
29	19	2.1605e+10	7.7722e+06	15331	-0.069585	0.99975	569
30	19	3.3697e+10	-3.0686e+07	50859	0.21821	0.99909	570
1	20	2.2667e+10	6.8134e+06	29131	-0.4622	0.99928	571
2	20	1.322e+10	1.7899e+07	26344	-0.34685	0.99963	572
3	20	2.0334e+10	-2.3171e+06	39443	-0.62159	0.99946	573
4	20	1.6532e+10	5.8359e+06	37604	-0.65859	0.99848	574
5	20	-3.5084e+09	6.077e+07	6928.5	0.22901	0.99819	575
6	20	5.733e+09	4.2167e+07	11113	-0.1053	0.99965	576
7	20	1.5275e+10	1.9333e+07	22259	-0.32675	0.99938	577
8	20	5.9952e+09	4.751e+07	2226.9	-0.043139	0.9982	578
9	20	1.0772e+10	3.9255e+07	8012.6	-0.092933	0.99855	579
10	20	1.783e+10	2.4861e+07	20904	-0.4055	0.99918	580
11	20	1.5518e+10	9.8403e+06	38902	-1.3153	0.99642	581
12	20	2.7303e+10	-2.2885e+07	53727	-1.6362	0.99675	582
13	20	3.2079e+10	-3.5441e+07	53333	-1.0624	0.99872	583
14	20	2.3425e+10	-1.4938e+07	41051	-0.74819	0.99824	584
15	20	1.8878e+10	-3.386e+06	33208	-0.82738	0.99856	585
16	20	2.458e+10	-1.3492e+07	34940	-0.81964	0.99824	586
17	20	2.283e+10	-5.5729e+06	30548	-0.68368	0.99853	587
18	20	1.1155e+09	5.0648e+07	-5049.2	-0.12583	0.99883	588
19	20	1.7167e+10	1.7945e+07	4906.2	-0.0065522	0.99929	589
20	20	5.2218e+10	-5.74e+07	59229	0.19684	0.99969	590
21	20	8.7039e+09	3.296e+07	14129	-0.19038	0.99952	591
22	20	1.2972e+10	2.346e+07	14481	-0.40602	0.99891	592
23	20	2.174e+10	-2.7597e+06	30777	-0.6594	0.99907	593
24	20	1.4451e+10	1.8796e+07	15363	-0.17053	0.99923	594
25	20	1.1399e+10	3.0117e+07	9134.6	-0.0057998	0.99952	595
26	20	8.3557e+09	4.0948e+07	2304.7	-0.053318	0.99962	596
27	20	3.935e+10	-1.8436e+07	35402	-0.62628	0.9988	597
28	20	2.6972e+10	2.5787e+05	20057	-0.47741	0.99894	598
29	20	2.2668e+10	7.0837e+06	10352	-0.047546	0.99971	599
30	20	3.2886e+10	-2.8573e+07	45633	0.27381	0.99897	600
1	21	1.3107e+10	2.7456e+07	26671	-0.33423	0.99968	601
2	21	3.3492e+09	4.165e+07	22244	-0.22783	0.99959	602
3	21	3.5996e+09	3.8749e+07	24957	-0.41097	0.99965	603
4	21	6.7164e+09	3.2386e+07	29362	-0.58819	0.99913	604
5	21	-7.0979e+09	6.7293e+07	12715	0.030578	0.99958	605
6	21	-3.2343e+09	6.0092e+07	12061	-0.12178	0.99963	606
7	21	2.0047e+09	4.9988e+07	14259	-0.23817	0.99934	607
8	21	-3.0955e+09	6.8398e+07	-1741	-0.05851	0.99926	608
9	21	6.2579e+09	5.0697e+07	7480	-0.17244	0.99923	609
10	21	1.152e+10	4.7736e+07	5497.5	-0.1078	0.99965	610
11	21	-6.0334e+09	5.7082e+07	28393	-0.85922	0.99883	611
12	21	5.3401e+09	2.851e+07	40397	-0.77923	0.99919	612
13	21	3.9942e+09	3.3148e+07	30930	-0.16387	0.99937	613
14	21	-1.6281e+09	4.581e+07	23137	-0.20728	0.99943	614
15	21	-4.0327e+09	5.2392e+07	17524	-0.26088	0.99939	615
16	21	1.2997e+09	4.4356e+07	18675	-0.26877	0.99969	616
17	21	-2.0483e+09	5.3868e+07	15353	-0.39675	0.99942	617
18	21	-4.3214e+09	4.8486e+07	26945	-0.14942	0.99973	618
19	21	-2.2155e+10	1.109e+08	-26974	0.11266	0.99906	619
20	21	3.2054e+08	6.1701e+07	12262	0.64213	0.99883	620
21	21	3.6484e+09	5.0122e+07	4288.2	0.067527	0.99969	621
22	21	9.5317e+09	2.6025e+07	25242	-0.45085	0.99928	622
23	21	1.6209e+10	6.1633e+06	36071	-0.58786	0.99927	623
24	21	7.8997e+09	3.4559e+07	10425	0.017139	0.99928	624
25	21	1.3729e+10	2.7019e+07	10780	0.0048329	0.99955	625
26	21	1.1763e+10	2.9628e+07	12964	0.002052	0.99969	626
27	21	2.1253e+10	1.5236e+07	25685	-0.37448	0.99911	627
28	21	1.4875e+10	1.2956e+07	31340	-0.38719	0.99942	628
29	21	7.354e+09	3.8661e+07	2655.3	-0.071202	0.99969	629
30	21	1.7171e+10	1.4831e+07	18072	0.10711	0.9995	630
1	22	1.8607e+10	1.6263e+06	41343	-0.97768	0.99861	631
2	22	9.5501e+09	1.8833e+07	31883	-0.843	0.9993	632
3	22	1.0231e+10	1.7002e+07	32132	-0.9943	0.99894	633
4	22	9.331e+09	1.9931e+07	31312	-1.0995	0.99884	634
5	22	-1.5298e+09	4.7968e+07	18928	-0.39476	0.99948	635
6	22	7.0342e+09	2.5793e+07	30008	-0.71045	0.99949	636
7	22	8.9873e+09	2.1641e+07	29977	-0.87828	0.99855	637
8	22	7.1728e+09	2.8988e+07	21999	-0.61228	0.99871	638
9	22	8.7358e+09	3.3493e+07	15082	-0.55522	0.99836	639
10	22	1.409e+10	2.4139e+07	19955	-0.42541	0.9993	640
11	22	4.7992e+09	3.1253e+07	41557	-1.2719	0.99765	641
12	22	1.435e+10	6.9671e+06	51106	-1.1788	0.99818	642
13	22	8.3013e+09	2.3374e+07	34711	-0.68364	0.99935	643
14	22	2.2887e+09	3.6087e+07	28161	-0.69579	0.99913	644
15	22	4.718e+09	2.4804e+07	39378	-1.0612	0.9988	645
16	22	1.3248e+10	5.0816e+06	51082	-1.0275	0.99917	646
17	22	-2.0193e+09	4.5581e+07	27853	-0.98704	0.9987	647
18	22	6.2786e+09	1.7978e+07	48883	-0.82542	0.99936	648
19	22	3.5171e+09	4.413e+07	14306	-0.041667	0.99929	649
20	22	-5.0894e+09	7.8643e+07	-1687.7	0.087632	0.99966	650
21	22	4.3853e+09	3.5194e+07	17554	-0.48547	0.99951	651
22	22	8.2996e+09	2.2567e+07	25563	-0.78426	0.99859	652
23	22	1.2351e+10	1.0101e+07	31161	-0.77475	0.99871	653
24	22	5.8852e+09	2.7221e+07	20575	-0.42376	0.99968	654
25	22	5.1477e+09	2.7178e+07	25980	-0.47512	0.99962	655
26	22	4.3073e+09	3.0899e+07	23909	-0.52182	0.99958	656
27	22	7.7528e+09	3.8812e+07	9133.5	-0.41034	0.99884	657
28	22	1.9068e+10	-1.4469e+07	55483	-1.1734	0.9988	658
29	22	9.3774e+09	1.4308e+07	27739	-0.57351	0.99943	659
30	22	1.3067e+10	9.3883e+06	26908	-0.38035	0.99963	660
1	23	1.4883e+10	7.5915e+06	31059	-0.78554	0.99855	661
2	23	1.1347e+10	7.4277e+06	36380	-0.83403	0.99949	662
3	23	1.0224e+10	1.0894e+07	32316	-0.97067	0.99869	663
4	23	5.8118e+09	2.3445e+07	24046	-0.68342	0.99756	664
5	23	-3.5088e+08	4.4243e+07	10961	-0.17677	0.99887	665
6	23	3.6435e+09	3.5721e+07	11056	-0.36184	0.99926	666
7	23	7.049e+09	2.7527e+07	12750	-0.45189	0.99888	667
8	23	1.1922e+10	1.1354e+07	25869	-0.46197	0.99864	668
9	23	1.414e+10	9.6211e+06	25773	-0.67206	0.99859	669
10	23	1.285e+10	1.9545e+07	16396	-0.48894	0.99883	670
11	23	6.3437e+08	4.539e+07	20436	-0.66927	0.99798	671
12	23	8.1713e+09	2.3364e+07	31041	-0.76215	0.99862	672
13	23	9.5501e+09	1.6915e+07	32877	-0.70205	0.99861	673
14	23	6.0625e+09	2.3484e+07	30363	-0.5559	0.99877	674
15	23	-3.0089e+08	3.8882e+07	21839	-0.64502	0.99889	675
16	23	4.7401e+09	2.7525e+07	27989	-0.63988	0.99876	676
17	23	-7.8412e+09	6.3393e+07	6033	-0.48412	0.99859	677
18	23	-4.8635e+09	4.8321e+07	21156	-0.47565	0.99917	678
19	23	1.1883e+09	4.2281e+07	15251	-0.12284	0.99908	679
20	23	3.8052e+09	4.31e+07	23294	0.014557	0.9996	680
21	23	3.9094e+09	3.4441e+07	4653.5	-0.1572	0.99956	681
22	23	7.8101e+09	1.5534e+07	23565	-0.65345	0.99885	682
23	23	1.1045e+10	4.2081e+06	29619	-0.73709	0.99869	683
24	23	6.8878e+09	1.9377e+07	15243	-0.35849	0.99958	684
25	23	5.5976e+09	2.2716e+07	15295	-0.22687	0.99958	685
26	23	5.9798e+09	2.1036e+07	18602	-0.37919	0.99958	686
27	23	1.907e+10	3.4252e+06	12901	-0.23636	0.99869	687
28	23	1.4607e+10	-7.7505e+06	39437	-0.93089	0.99857	688
29	23	1.2436e+10	-9.6539e+06	46760	-0.64483	0.99921	689
30	23	5.7628e+09	1.5235e+07	25400	-0.56363	0.9993	690
1	24	1.2243e+10	1.138e+07	28568	-0.6837	0.99909	691
2	24	8.2667e+09	1.4864e+07	29490	-0.66527	0.99927	692
3	24	1.031e+10	8.0778e+06	34272	-0.93469	0.99873	693
4	24	6.075e+09	1.9408e+07	27410	-0.73468	0.99864	694
5	24	-1.9069e+09	4.5376e+07	10710	-0.23913	0.9992	695
6	24	3.1168e+09	3.3112e+07	13216	-0.31731	0.99964	696
7	24	7.76e+09	2.0815e+07	18068	-0.42106	0.99929	697
8	24	1.061e+10	1.3812e+07	19958	-0.35981	0.99882	698
9	24	1.1312e+10	1.6128e+07	14532	-0.28845	0.99867	699
10	24	2.0483e+10	-2.2104e+06	21842	-0.32936	0.99935	700
11	24	1.4311e+10	8.264e+06	32095	-1.2761	0.99864	701
12	24	1.6675e+10	-2.5525e+06	38974	-1.6636	0.99859	702
13	24	9.821e+09	1.3162e+07	27513	-0.90364	0.99923	703
14	24	1.0663e+10	6.6076e+06	35402	-0.73711	0.99902	704
15	24	7.9474e+09	1.1242e+07	35140	-1.1423	0.99849	705
16	24	1.2365e+10	1.9446e+06	39499	-1.0714	0.99855	706
17	24	2.4762e+09	3.3451e+07	16569	-0.64581	0.99903	707
18	24	-7.5701e+09	6.3395e+07	-7989.4	-0.088673	0.99941	708
19	24	1.2865e+10	7.6424e+06	26486	-0.064403	0.99968	709
20	24	2.6914e+10	-2.0299e+07	50014	0.15664	0.99939	710
21	24	1.2269e+09	2.8705e+07	20187	-0.66757	0.99934	711
22	24	4.032e+09	2.0864e+07	22200	-0.76076	0.9989	712
23	24	7.6812e+09	1.0113e+07	25753	-0.77484	0.999	713
24	24	4.4593e+09	2.0662e+07	16441	-0.45473	0.9992	714
25	24	5.8087e+09	1.4084e+07	24647	-0.62201	0.99956	715
26	24	7.3383e+09	9.6099e+06	26729	-0.77465	0.99946	716
27	24	1.5896e+10	-1.8853e+06	20480	-0.38443	0.999	717
28	24	1.5625e+10	-1.3476e+07	33480	-0.75828	0.99843	718
29	24	1.0013e+10	-5.611e+06	38158	-0.77948	0.99929	719
30	24	9.4911e+09	-7.7343e+06	47375	-0.6418	0.99961	720
1	25	1.2509e+10	1.4145e+06	31351	-0.75944	0.99932	721
2	25	9.2745e+09	5.831e+06	30798	-0.65922	0.99942	722
3	25	8.7168e+09	7.0578e+06	30234	-0.80901	0.99913	723
4	25	7.4483e+09	8.9005e+06	32398	-0.82509	0.99889	724
5	25	-1.1497e+09	3.7875e+07	12005	-0.24711	0.99922	725
6	25	4.2598e+09	2.3865e+07	16646	-0.35547	0.99958	726
7	25	8.9413e+09	7.6372e+06	28333	-0.71755	0.99897	727
8	25	9.3149e+09	9.6454e+06	22200	-0.61268	0.998	728
9	25	1.2697e+10	5.8835e+06	17800	-0.30084	0.99907	729
10	25	1.826e+10	-8.2653e+06	26566	-0.46149	0.99903	730
11	25	6.179e+09	2.7979e+07	17492	-0.53575	0.99914	731
12	25	6.7788e+09	2.1503e+07	22524	-0.70494	0.99899	732
13	25	9.1671e+09	9.9016e+06	32326	-0.74652	0.9991	733
14	25	7.0662e+09	1.1288e+07	34396	-0.76816	0.99922	734
15	25	8.3735e+09	4.5286e+06	40485	-1.0629	0.99892	735
16	25	1.2849e+10	-4.8457e+06	42768	-1.0874	0.9992	736
17	25	-1.2475e+09	4.7012e+07	-6916.5	-0.13865	0.99949	737
18	25	-9.9966e+08	4.7604e+07	-16270	0.26292	0.99865	738
19	25	2.064e+10	-1.4876e+07	20208	-0.059622	0.99742	739
20	25	3.9302e+10	-6.3645e+07	63190	-0.39039	0.99879	740
21	25	1.4127e+10	-6.4072e+06	22213	-0.4649	0.99866	741
22	25	8.895e+09	6.6739e+06	16712	-0.47365	0.99866	742
23	25	5.9717e+09	1.4221e+07	14086	-0.46222	0.9988	743
24	25	6.4386e+09	1.0261e+07	21987	-0.39125	0.99955	744
25	25	5.7269e+09	1.4621e+07	17045	-0.38204	0.9996	745
26	25	8.9675e+09	3.3853e+06	25228	-0.84306	0.99933	746
27	25	1.669e+10	-7.4774e+06	18778	-0.49919	0.99921	747
28	25	1.5763e+10	-1.3604e+07	22249	-0.37403	0.99908	748
29	25	1.1941e+10	-1.1373e+07	32674	-0.59838	0.99901	749
30	25	1.0714e+10	-1.3945e+07	46355	-0.32254	0.99958	750
1	26	9.5337e+09	-3.6243e+06	38223	-1.124	0.99863	751
2	26	7.1918e+09	1.7647e+06	31463	-0.88661	0.99931	752
3	26	7.158e+09	4.9345e+06	22811	-0.76741	0.99882	753
4	26	6.7403e+09	6.2833e+06	22403	-0.71937	0.99815	754
5	26	2.0414e+09	2.2743e+07	13751	-0.24016	0.99932	755
6	26	5.4643e+09	1.2582e+07	17146	-0.50712	0.99919	756
7	26	6.2193e+09	1.0687e+07	15599	-0.52202	0.99883	757
8	26	9.1111e+09	4.0342e+06	15695	-0.44716	0.99824	758
9	26	8.9141e+09	5.3113e+06	14617	-0.35887	0.99877	759
10	26	1.4135e+10	-1.1636e+07	29510	-0.68856	0.99766	760
11	26	5.5651e+09	2.3971e+07	9446.3	-0.36777	0.99849	761
12	26	6.2128e+09	1.6232e+07	17442	-0.62555	0.99839	762
13	26	7.258e+09	8.1271e+06	24495	-0.56542	0.9991	763
14	26	6.8081e+09	6.3903e+06	28074	-0.59746	0.99918	764
15	26	4.2604e+09	1.555e+07	15945	-0.57347	0.99866	765
16	26	1.0272e+10	-4.8298e+06	31885	-1.0576	0.99874	766
17	26	8.8356e+09	5.4763e+06	14835	-0.80421	0.99929	767
18	26	3.0798e+09	2.8211e+07	-14940	0.076888	0.99835	768
19	26	2.1991e+10	-3.6262e+07	31877	-0.26288	0.99881	769
20	26	3.1437e+10	-5.9071e+07	53549	-0.52592	0.99865	770
21	26	6.2076e+09	1.0509e+07	11837	-0.29166	0.99971	771
22	26	5.1128e+09	1.0034e+07	18545	-0.5829	0.99896	772
23	26	5.187e+09	8.4813e+06	22973	-0.79002	0.99837	773
24	26	3.347e+09	1.4729e+07	18427	-0.42977	0.9996	774
25	26	3.8761e+09	1.4608e+07	15174	-0.40504	0.99965	775
26	26	5.9621e+09	6.1462e+06	22407	-0.74634	0.99925	776
27	26	1.3404e+10	-1.1503e+07	24576	-0.67472	0.99854	777
28	26	1.0259e+10	-2.0591e+06	9734.4	-0.19497	0.9991	778
29	26	7.6528e+09	-8.902e+05	17123	-0.25487	0.99966	779
30	26	8.4569e+09	-1.4285e+07	49029	-0.60241	0.99957	780
1	27	1.3085e+10	-1.3687e+07	26576	-0.69805	0.99845	781
2	27	1.1839e+10	-1.4442e+07	30962	-0.91046	0.99805	782
3	27	1.0885e+10	-9.7309e+06	25030	-0.72895	0.9985	783
4	27	9.4489e+09	-5.3874e+06	25416	-0.89394	0.99771	784
5	27	1.5449e+09	2.0376e+07	14743	-0.49387	0.99861	785
6	27	5.7096e+09	7.3414e+06	21925	-0.61241	0.99925	786
7	27	7.1818e+09	5.6337e+06	16079	-0.50435	0.99885	787
8	27	7.9375e+09	3.9956e+06	15128	-0.37237	0.9981	788
9	27	9.2243e+09	-9.5614e+05	20352	-0.5052	0.99818	789
10	27	1.3768e+10	-1.305e+07	26820	-0.59965	0.99776	790
11	27	6.6478e+09	1.084e+07	23972	-0.84406	0.99753	791
12	27	1.0701e+10	-1.7294e+06	26257	-0.80052	0.99752	792
13	27	1.253e+10	-1.1088e+07	29945	-0.56242	0.99896	793
14	27	9.984e+09	-3.71e+06	22017	-0.52998	0.99679	794
15	27	1.3508e+10	-1.5597e+07	24861	-0.48909	0.99757	795
16	27	1.6863e+10	-2.6615e+07	31801	-1.0521	0.9976	796
17	27	1.8048e+10	-3.513e+07	43804	-2.423	0.99816	797
18	27	1.1776e+10	-9.5725e+06	12410	-0.19438	0.99924	798
19	27	2.2728e+10	-5.0003e+07	44603	-0.58293	0.99745	799
20	27	2.8508e+10	-6.2553e+07	60353	-1.056	0.99802	800
21	27	7.4285e+09	3.7942e+06	15698	-0.36658	0.99949	801
22	27	9.8802e+09	-6.2673e+06	23646	-0.63453	0.99878	802
23	27	1.0112e+10	-6.0639e+06	21505	-0.65467	0.99712	803
24	27	6.4461e+09	4.0299e+06	19215	-0.41659	0.9995	804
25	27	5.2297e+09	1.0291e+07	11388	-0.23105	0.99968	805
26	27	6.7971e+09	3.3875e+06	16625	-0.37822	0.99957	806
27	27	1.1455e+10	-1.197e+07	33317	-1.0987	0.99818	807
28	27	5.5822e+09	8.5593e+06	7532.4	-0.34353	0.99895	808
29	27	4.8541e+09	6.5322e+06	14121	-0.38814	0.99914	809
30	27	8.4257e+09	-1.4225e+07	46586	-0.29917	0.99961	810
1	28	1.1704e+10	-1.7088e+07	30142	-0.8705	0.99769	811
2	28	9.258e+09	-9.4529e+06	22365	-0.62324	0.99864	812
3	28	9.3745e+09	-1.0996e+07	25605	-0.76933	0.99845	813
4	28	7.6293e+09	-4.9751e+06	23688	-0.84343	0.99752	814
5	28	1.306e+09	1.7284e+07	14162	-0.46623	0.9981	815
6	28	4.7492e+09	3.6939e+06	26938	-0.8629	0.99905	816
7	28	6.3261e+09	2.3712e+06	20105	-0.67058	0.99749	817
8	28	5.8703e+09	4.5736e+06	15522	-0.51584	0.99767	818
9	28	6.4355e+09	3.1439e+05	23037	-0.64142	0.99846	819
10	28	1.1489e+10	-1.2295e+07	24141	-0.52828	0.99866	820
11	28	8.027e+09	-1.717e+06	28093	-0.89774	0.9974	821
12	28	9.9095e+09	-4.8074e+06	19421	-0.60544	0.99733	822
13	28	1.1682e+10	-1.6618e+07	30333	-0.65574	0.99871	823
14	28	9.5061e+09	-9.7654e+06	23557	-0.57212	0.99848	824
15	28	1.3452e+10	-2.6831e+07	37154	-0.91355	0.99709	825
16	28	1.0694e+10	-9.0352e+06	8407	-0.27819	0.99877	826
17	28	1.252e+10	-2.3645e+07	36050	-1.8792	0.99893	827
18	28	8.6437e+09	-7.3922e+06	18872	-0.32591	0.99928	828
19	28	7.7509e+09	-1.251e+06	8868.4	-0.2297	0.99925	829
20	28	1.5384e+10	-2.6033e+07	39382	-0.505	0.9994	830
21	28	5.4048e+09	9.4164e+06	7167.5	-0.20859	0.99932	831
22	28	8.6691e+09	-5.108e+06	19988	-0.51823	0.99807	832
23	28	8.9895e+09	-8.1665e+06	19911	-0.48284	0.99838	833
24	28	9.2197e+09	-1.0096e+07	20589	-0.39566	0.99915	834
25	28	6.8964e+09	-2.6732e+05	15537	-0.25207	0.99953	835
26	28	6.4817e+09	1.3983e+06	13581	-0.42067	0.99908	836
27	28	8.1445e+09	-9.2623e+06	36048	-1.5978	0.99816	837
28	28	5.4768e+09	-3.9322e+05	21577	-0.77422	0.9984	838
29	28	3.5938e+09	1.6211e+07	-15676	0.044213	0.99966	839
30	28	8.5827e+09	-1.889e+07	44475	-0.30714	0.99961	840
1	29	5.472e+09	2.373e+06	22254	-0.82804	0.9985	841
2	29	4.5964e+09	4.1157e+06	14289	-0.49822	0.99902	842
3	29	5.9742e+09	-4.3554e+06	24409	-0.88186	0.99857	843
4	29	5.9023e+09	-3.223e+06	19772	-0.65031	0.99743	844
5	29	4.2968e+09	5.1373e+06	11387	-0.283	0.99907	845
6	29	5.0683e+09	-2.8555e+05	17572	-0.59849	0.99907	846
7	29	5.4801e+09	-2.3168e+06	17907	-0.63071	0.99803	847
8	29	6.9437e+09	-7.8616e+06	19576	-0.55914	0.99845	848
9	29	7.3513e+09	-9.2615e+06	21303	-0.48889	0.99727	849
10	29	7.242e+09	-7.7893e+06	22067	-0.61716	0.99813	850
11	29	6.8446e+09	8.7998e+05	17154	-0.59596	0.99662	851
12	29	1.0154e+10	-1.6544e+07	35192	-1.2582	0.99535	852
13	29	1.168e+10	-2.0418e+07	28692	-0.62561	0.99893	853
14	29	1.0248e+10	-1.7374e+07	27380	-0.61769	0.99805	854
15	29	1.12e+10	-2.1497e+07	28201	-0.61962	0.99852	855
16	29	1.3331e+10	-2.8101e+07	29608	-0.80044	0.99811	856
17	29	1.1488e+10	-2.3874e+07	34070	-1.4915	0.99735	857
18	29	9.6246e+09	-1.665e+07	25694	-0.5105	0.99886	858
19	29	7.982e+09	-3.8232e+06	5129	-0.098631	0.99888	859
20	29	1.1932e+10	-2.2464e+07	44410	-0.31543	0.9991	860
21	29	2.3876e+09	1.5988e+07	4208.8	-0.1369	0.99957	861
22	29	4.45e+09	4.9798e+06	15060	-0.58545	0.99751	862
23	29	1.0821e+10	-2.132e+07	27338	-0.55904	0.99837	863
24	29	9.0033e+09	-1.4635e+07	22098	-0.33395	0.99913	864
25	29	6.0455e+09	7.0331e+05	13167	-0.21454	0.99945	865
26	29	1.0394e+10	-1.5534e+07	18874	-0.29465	0.99955	866
27	29	6.9354e+09	-6.3867e+06	25829	-0.88478	0.99878	867
28	29	5.7027e+09	-7.0894e+06	38807	-1.2133	0.99895	868
29	29	3.0504e+09	1.3802e+07	-2966.9	-0.093518	0.9996	869
30	29	7.2145e+09	-1.0012e+07	32819	-0.35391	0.99972	870
1	30	6.6376e+09	-7.6118e+06	21071	-0.69625	0.99836	871
2	30	6.305e+09	-9.2561e+06	17737	-0.39156	0.99912	872
3	30	6.1419e+09	-1.0618e+07	21100	-0.62536	0.99871	873
4	30	5.4017e+09	-8.5956e+06	21939	-0.7951	0.99703	874
5	30	3.766e+09	1.1735e+05	12306	-0.33705	0.9993	875
6	30	4.3221e+09	-2.9142e+06	14385	-0.40914	0.99929	876
7	30	6.2641e+09	-1.1769e+07	21034	-0.5877	0.99816	877
8	30	5.1985e+09	-8.0309e+06	21772	-0.76148	0.997	878
9	30	5.9549e+09	-9.7372e+06	21615	-0.59187	0.99498	879
10	30	6.0031e+09	-8.058e+06	19463	-0.62765	0.99806	880
11	30	8.7183e+09	-8.1771e+06	20664	-0.55168	0.99725	881
12	30	9.598e+09	-1.5075e+07	29934	-0.95997	0.99566	882
13	30	1.0209e+10	-1.8897e+07	29177	-0.65225	0.99875	883
14	30	8.6073e+09	-1.281e+07	21538	-0.48159	0.99846	884
15	30	1.0115e+10	-2.171e+07	30726	-1.1458	0.99814	885
16	30	1.2761e+10	-2.9678e+07	30394	-0.88616	0.99879	886
17	30	1.4406e+10	-3.8969e+07	41957	-0.78893	0.99761	887
18	30	6.5052e+09	-8.8768e+06	24457	-0.60631	0.99856	888
19	30	4.9895e+09	3.5526e+06	4517.3	-0.16135	0.99742	889
20	30	9.5135e+09	-1.7253e+07	44028	0.046888	0.99948	890
21	30	5.7935e+09	-1.3534e+06	15963	-0.51525	0.99836	891
22	30	7.5448e+09	-9.8812e+06	22423	-0.73793	0.99664	892
23	30	8.0531e+09	-1.461e+07	25089	-0.73966	0.9973	893
24	30	5.4352e+09	-1.8336e+06	11714	-0.23617	0.99959	894
25	30	5.7019e+09	-1.3425e+06	13876	-0.22731	0.99949	895
26	30	8.3359e+09	-7.5045e+06	11339	-0.12976	0.99964	896
27	30	7.4324e+09	-8.2091e+06	22962	-0.61952	0.99895	897
28	30	6.6102e+09	-1.1753e+07	45177	-1.3102	0.99857	898
29	30	2.7294e+09	1.0259e+07	10042	-0.31498	0.99922	899
30	30	5.4104e+09	-2.5579e+06	26996	-0.45661	0.99947	900
1	31	7.0611e+09	-1.4941e+07	24479	-0.7054	0.99493	901
2	31	7.1201e+09	-2.0366e+07	29317	-0.75828	0.99689	902
3	31	6.2517e+09	-1.6722e+07	28024	-0.95954	0.99684	903
4	31	5.2766e+09	-1.1378e+07	21685	-0.77536	0.99597	904
5	31	5.7275e+09	-1.3359e+07	22979	-0.64512	0.99619	905
6	31	4.1675e+09	-5.4467e+06	17607	-0.61315	0.99652	906
7	31	4.3403e+09	-6.0268e+06	19658	-0.74514	0.99791	907
8	31	3.5996e+09	-2.4778e+06	15393	-0.51732	0.99785	908
9	31	4.0113e+09	-6.446e+06	21433	-0.80358	0.99851	909
10	31	4.9911e+09	-1.0783e+07	22947	-0.74721	0.99768	910
11	31	6.2259e+09	-4.4502e+05	20104	-0.82007	0.99531	911
12	31	8.3254e+09	-1.155e+07	28444	-0.98359	0.99729	912
13	31	1.024e+10	-2.0619e+07	30395	-1.0174	0.99758	913
14	31	9.7691e+09	-2.0857e+07	31004	-1.4272	0.99574	914
15	31	7.6077e+09	-1.2656e+07	23367	-1.0483	0.99838	915
16	31	1.0392e+10	-2.2633e+07	27048	-0.50951	0.99832	916
17	31	9.9138e+09	-2.2409e+07	27732	-0.40046	0.99831	917
18	31	5.7179e+09	-9.8565e+06	27302	-0.73771	0.99857	918
19	31	5.92e+09	-6.3467e+06	16057	-0.37849	0.99803	919
20	31	8.6891e+09	-1.9974e+07	48378	0.020118	0.99936	920
21	31	4.6512e+09	3.3287e+06	10126	-0.2594	0.99896	921
22	31	5.4507e+09	-2.5942e+06	17877	-0.62371	0.99805	922
23	31	6.6129e+09	-8.6683e+06	20398	-0.65403	0.99758	923
24	31	5.5387e+09	-4.1261e+06	16231	-0.41178	0.99917	924
25	31	4.2865e+09	3.935e+06	12466	-0.2979	0.99958	925
26	31	2.9533e+09	1.3352e+07	803.11	-0.017685	0.99992	926
27	31	1.1933e+10	-2.4811e+07	31527	-0.67507	0.99756	927
28	31	4.929e+09	-4.4147e+06	29239	-0.99	0.99806	928
29	31	2.7263e+09	4.7059e+06	17776	-0.62046	0.99845	929
30	31	5.0378e+09	-7.9299e+06	34608	-0.48594	0.99935	930
1	32	5.6556e+09	-8.9359e+06	21463	-0.643	0.99908	931
2	32	4.7452e+09	-1.046e+07	23716	-0.77831	0.99889	932
3	32	6.103e+09	-1.8184e+07	29474	-0.98139	0.99687	933
4	32	5.1362e+09	-1.2407e+07	25824	-1.0362	0.99744	934
5	32	2.9395e+09	2.102e+05	18692	-0.61561	0.99835	935
6	32	3.4368e+09	-1.3095e+06	21521	-0.78596	0.99898	936
7	32	3.4297e+09	-1.7159e+05	22470	-0.72743	0.99888	937
8	32	3.9214e+09	-1.6625e+06	19594	-0.57893	0.99873	938
9	32	4.3758e+09	-3.624e+06	20540	-0.60288	0.99775	939
10	32	3.5737e+09	-2.6762e+06	28736	-1.123	0.99813	940
11	32	6.1405e+09	-2.5044e+06	44700	-1.875	0.99772	941
12	32	6.2535e+09	-1.754e+06	36238	-1.44	0.99859	942
13	32	6.2919e+09	-3.9217e+06	32907	-0.88097	0.99916	943
14	32	5.574e+09	-2.1693e+06	26507	-0.95798	0.99884	944
15	32	4.8346e+09	-6.304e+05	20871	-0.87105	0.99855	945
16	32	6.0996e+09	-6.386e+06	22058	-1.0069	0.9982	946
17	32	7.488e+09	-1.0549e+07	21699	-0.60354	0.99926	947
18	32	5.5172e+09	-8.4318e+06	25930	-0.81624	0.99934	948
19	32	6.5243e+09	-9.7478e+06	20221	-0.71522	0.99877	949
20	32	6.7664e+09	-1.4663e+07	57120	2.214	0.99877	950
21	32	4.4577e+09	2.9577e+05	20831	-0.62813	0.99934	951
22	32	4.4876e+09	1.6608e+06	23255	-0.98741	0.99861	952
23	32	5.4058e+09	-3.247e+06	26919	-1.0144	0.99908	953
24	32	4.4577e+09	1.678e+06	20881	-0.6822	0.99956	954
25	32	3.9994e+09	5.2223e+06	20091	-0.6358	0.99973	955
26	32	-4.7707e+08	2.3715e+07	3282.7	-0.17754	0.99973	956
27	32	9.8587e+09	-2.0682e+07	31054	-0.98085	0.99711	957
28	32	4.7741e+09	-7.3305e+06	35169	-1.3162	0.99884	958
29	32	1.7e+09	7.4956e+06	17173	-0.68047	0.99926	959
30	32	4.1662e+09	-7.7521e+06	42586	-0.27278	0.9997	960
