1	1	8.874e+12	-7.0729e+09	1.5224e+06	-33.053	0.98977	1
2	1	8.5764e+10	9.3711e+07	-7992.8	0.026845	0.99913	2
3	1	8.9043e+10	5.8521e+07	21027	-0.53999	0.99871	3
4	1	6.3537e+10	7.9183e+07	23977	-0.64596	0.99873	4
5	1	4.904e+10	1.2253e+08	8514.4	-0.44702	0.99805	5
6	1	8.5778e+10	6.3674e+07	26389	-0.58337	0.99877	6
7	1	5.3706e+10	8.7688e+07	24007	-0.297	0.99958	7
8	1	4.6823e+10	1.1186e+08	4949.1	-0.10267	0.99941	8
9	1	3.1364e+10	1.3486e+08	-5112.9	-0.13568	0.99833	9
10	1	6.9259e+10	6.0107e+07	40338	-0.71395	0.99901	10
11	1	2.5034e+11	-1.2776e+08	1.1067e+05	-2.3332	0.99831	11
12	1	8.1029e+10	8.4167e+07	35691	-0.89003	0.99895	12
13	1	8.4912e+10	6.7221e+07	36514	-0.66761	0.99937	13
14	1	8.1727e+10	7.6954e+07	30253	-0.50175	0.99934	14
15	1	6.7869e+09	1.9109e+08	-15314	0.36625	0.9996	15
16	1	7.7047e+10	8.4821e+07	23717	-0.59829	0.99937	16
17	1	1.3806e+11	4.4073e+06	51255	-0.996	0.99889	17
18	1	1.3763e+11	-8.6613e+06	68025	-1.0678	0.99884	18
19	1	1.99e+11	-9.3867e+07	1.1375e+05	-1.9245	0.99823	19
20	1	1.9315e+11	-6.1233e+07	1.0022e+05	-1.3202	0.99832	20
21	1	1.1936e+11	-7.8595e+07	95851	-3.0373	0.99812	21
22	1	1.1613e+11	-8.7652e+07	98948	-2.8267	0.99812	22
23	1	8.955e+10	-3.4882e+07	64478	-1.5068	0.99826	23
24	1	7.9161e+10	-8.2207e+06	49273	-0.92579	0.99844	24
25	1	1.0139e+11	-4.9369e+07	65726	-1.1286	0.99833	25
26	1	7.3197e+10	-8.2751e+06	53438	-1.018	0.99842	26
27	1	8.2134e+10	-2.4961e+07	64511	-1.2311	0.99867	27
28	1	7.1993e+10	-1.9681e+07	73589	-1.528	0.99782	28
29	1	1.1944e+11	-1.119e+08	1.2177e+05	-2.1998	0.99846	29
30	1	1.4456e+11	-1.4285e+08	1.4071e+05	-2.3714	0.99853	30
1	2	4.6054e+11	-2.7193e+08	96971	-1.6772	0.99945	31
2	2	1.4404e+11	-5.227e+06	38214	-0.53897	0.999	32
3	2	1.0759e+11	3.9487e+07	24038	-0.41465	0.999	33
4	2	7.2559e+10	7.991e+07	13624	-0.25436	0.99852	34
5	2	9.162e+10	9.4864e+07	-1066.8	-0.10171	0.99792	35
6	2	1.9237e+11	-3.7875e+07	26532	-0.12281	0.9992	36
7	2	5.31e+10	1.563e+08	-43936	0.4547	0.99816	37
8	2	1.037e+11	5.0581e+07	8586.2	-0.048618	0.99948	38
9	2	7.4935e+10	9.3943e+07	-9382	0.048552	0.99861	39
10	2	9.9206e+10	5.2912e+07	18991	-0.12197	0.99964	40
11	2	2.5294e+11	-7.0218e+07	76753	-1.1093	0.99889	41
12	2	5.6691e+10	1.5313e+08	7087.1	-0.024738	0.99927	42
13	2	3.5946e+10	1.5573e+08	8033.7	-0.11588	0.99931	43
14	2	1.2359e+11	1.1074e+07	70364	-0.93122	0.99885	44
15	2	3.4812e+10	1.2739e+08	33583	-0.2553	0.99979	45
16	2	1.0392e+11	3.647e+07	61336	-1.1169	0.99902	46
17	2	1.3771e+11	-3.4703e+06	72762	-0.99842	0.99912	47
18	2	1.3611e+11	1.3107e+07	65991	-1.201	0.99904	48
19	2	1.3935e+11	2.3176e+07	73187	-1.2133	0.99842	49
20	2	1.663e+11	1.7943e+07	70364	-0.62685	0.9986	50
21	2	1.0547e+11	-4.1605e+07	62979	-1.8018	0.9985	51
22	2	9.2028e+10	-3.3605e+07	61260	-1.399	0.99849	52
23	2	1.044e+11	-5.4408e+07	61356	-1.1004	0.99836	53
24	2	1.1768e+11	-7.7607e+07	72594	-1.1092	0.99878	54
25	2	1.1494e+11	-7.1399e+07	66657	-1.3314	0.99832	55
26	2	9.3419e+10	-4.5549e+07	62914	-1.8165	0.99824	56
27	2	9.8843e+10	-5.2757e+07	68090	-1.6232	0.99812	57
28	2	8.8273e+10	-3.9282e+07	69366	-1.6701	0.99783	58
29	2	1.0981e+11	-8.5146e+07	97777	-2.7935	0.99766	59
30	2	1.1291e+11	-7.9455e+07	1.0198e+05	-1.8084	0.99827	60
1	3	2.4851e+11	-9.8372e+07	60948	-1.0741	0.99931	61
2	3	1.0148e+11	8.0904e+07	-7924.4	0.037567	0.99943	62
3	3	8.7044e+10	8.9486e+07	-6398.5	-0.058956	0.99903	63
4	3	6.186e+10	9.0101e+07	12787	-0.24047	0.99918	64
5	3	1.0619e+11	4.0541e+07	36082	-0.53515	0.99788	65
6	3	1.3813e+11	4.4158e+06	33425	-0.50327	0.99925	66
7	3	8.872e+10	5.9594e+07	13944	0.0024672	0.99899	67
8	3	7.0618e+10	9.5226e+07	-7630.9	0.073842	0.99969	68
9	3	9.4905e+10	4.1974e+07	17960	-0.23593	0.99929	69
10	3	1.1113e+11	2.7996e+07	28378	-0.21698	0.99978	70
11	3	2.1276e+11	-5.7562e+06	51853	-0.50297	0.99911	71
12	3	1.0472e+11	7.1705e+07	41863	-0.27744	0.99916	72
13	3	1.0115e+11	4.1943e+07	58602	-0.59789	0.99907	73
14	3	1.034e+11	2.4209e+07	73102	-0.84215	0.99875	74
15	3	6.9331e+09	1.5619e+08	28877	-0.30717	0.99965	75
16	3	5.7347e+10	1.0066e+08	39763	-0.85985	0.99921	76
17	3	1.1452e+11	3.6616e+07	56187	-0.93305	0.99916	77
18	3	1.4104e+11	-4.1505e+06	77680	-1.4592	0.99893	78
19	3	1.7376e+11	-3.2305e+07	97582	-1.529	0.99831	79
20	3	1.2162e+11	7.7636e+07	52606	-0.44601	0.9986	80
21	3	1.1824e+11	-5.1073e+07	48310	-0.59191	0.99839	81
22	3	9.4051e+10	-2.8053e+07	43821	-0.57717	0.99898	82
23	3	1.1599e+11	-7.1708e+07	57238	-0.75975	0.99871	83
24	3	1.3227e+11	-1.0142e+08	72943	-0.93307	0.99844	84
25	3	1.2537e+11	-9.2911e+07	68906	-1.0434	0.99757	85
26	3	1.0993e+11	-7.529e+07	67924	-1.4091	0.99849	86
27	3	1.0354e+11	-6.2749e+07	65320	-1.5731	0.99898	87
28	3	9.3711e+10	-4.8489e+07	65211	-1.8785	0.99802	88
29	3	9.7714e+10	-6.3238e+07	79350	-2.1301	0.99833	89
30	3	1.3847e+11	-1.2178e+08	1.106e+05	-1.621	0.99821	90
1	4	2.2947e+11	-7.2957e+07	36639	-0.59412	0.99939	91
2	4	1.4983e+11	1.1886e+07	6788.5	-0.090022	0.99951	92
3	4	1.4312e+11	-4.3875e+06	26325	-0.42798	0.99943	93
4	4	7.7707e+10	7.0029e+07	13967	-0.33632	0.99889	94
5	4	8.5143e+10	7.6755e+07	17527	-0.29498	0.99797	95
6	4	1.1056e+11	1.819e+07	42805	-0.73052	0.999	96
7	4	6.5799e+10	6.5952e+07	28650	-0.39792	0.99943	97
8	4	8.1407e+10	4.1947e+07	33277	-0.50091	0.99943	98
9	4	1.1253e+11	-3.694e+06	45700	-0.73772	0.99881	99
10	4	1.2409e+11	1.7578e+07	26189	-0.15877	0.99984	100
11	4	1.9708e+11	-1.7569e+07	71430	-0.85743	0.99847	101
12	4	1.2887e+11	1.4634e+07	73110	-0.62888	0.99914	102
13	4	5.9429e+10	9.1757e+07	44640	-0.5396	0.99924	103
14	4	2.06e+10	1.5525e+08	19914	-0.19016	0.99932	104
15	4	-1.5493e+10	2.0327e+08	3592.4	0.076235	0.99984	105
16	4	6.5887e+10	9.7597e+07	35368	-0.53528	0.99919	106
17	4	1.1119e+11	4.0287e+07	53418	-0.64683	0.99916	107
18	4	1.2857e+11	1.1965e+07	70719	-1.1976	0.99861	108
19	4	1.8123e+11	-5.2219e+07	1.06e+05	-1.4951	0.9983	109
20	4	1.2835e+11	5.853e+07	60914	-0.74854	0.99833	110
21	4	1.3368e+11	-6.8484e+07	48586	-0.46276	0.9991	111
22	4	1.0532e+11	-4.4699e+07	47431	-0.62002	0.99859	112
23	4	1.1579e+11	-7.2535e+07	57159	-0.75273	0.99916	113
24	4	1.1485e+11	-6.8133e+07	56504	-0.59371	0.99916	114
25	4	1.2335e+11	-9.4086e+07	72524	-1.0989	0.99837	115
26	4	1.1625e+11	-9.6054e+07	82546	-1.3603	0.99806	116
27	4	1.1475e+11	-9.2156e+07	83883	-1.5061	0.99844	117
28	4	9.1804e+10	-4.5774e+07	64679	-1.8399	0.99821	118
29	4	9.9679e+10	-6.6466e+07	79974	-1.813	0.99856	119
30	4	1.3009e+11	-1.0655e+08	1.0277e+05	-1.2355	0.99897	120
1	5	2.2761e+11	-7.2902e+07	32128	-0.31266	0.99982	121
2	5	1.7386e+11	-7.7099e+07	65517	-0.91741	0.99806	122
3	5	1.2538e+11	-7.5116e+06	40776	-0.58497	0.99864	123
4	5	8.6461e+10	5.4742e+07	14360	-0.19983	0.99907	124
5	5	9.3163e+10	7.7011e+07	2750.3	-0.067707	0.9981	125
6	5	9.3613e+10	6.2111e+07	8962.7	-0.17471	0.99893	126
7	5	7.5355e+10	4.5323e+07	33184	-0.42718	0.99948	127
8	5	9.3585e+10	1.7199e+07	41994	-0.84216	0.99893	128
9	5	8.8406e+10	2.7075e+07	33416	-0.5722	0.99864	129
10	5	8.5683e+10	5.7335e+07	17156	-0.1946	0.99963	130
11	5	2.0012e+11	-3.3497e+07	71710	-1.0284	0.99859	131
12	5	1.4414e+11	-7.1841e+06	71931	-0.79846	0.99877	132
13	5	2.7505e+10	1.6624e+08	-3589.3	-0.075821	0.99908	133
14	5	-5.4688e+09	2.2733e+08	-31483	0.28196	0.99903	134
15	5	-3.3193e+10	2.6007e+08	-40490	0.6184	0.99913	135
16	5	4.8567e+10	1.2988e+08	10259	-0.19402	0.99923	136
17	5	1.4825e+11	-1.5704e+07	64797	-0.69793	0.99907	137
18	5	1.2639e+11	1.7088e+07	59018	-1.0201	0.99905	138
19	5	1.4926e+11	-2.7882e+06	77730	-1.1351	0.99805	139
20	5	1.2721e+11	6.3524e+07	48933	-0.45452	0.99861	140
21	5	1.3723e+11	-9.3286e+07	65486	-0.76695	0.99898	141
22	5	1.1041e+11	-6.3261e+07	56790	-0.72771	0.9989	142
23	5	1.2602e+11	-9.6381e+07	65845	-0.99114	0.99901	143
24	5	1.2767e+11	-9.2168e+07	61562	-0.67945	0.99901	144
25	5	1.2776e+11	-9.5367e+07	62014	-0.91302	0.99815	145
26	5	1.1087e+11	-7.992e+07	65055	-1.0135	0.99861	146
27	5	1.2289e+11	-1.0771e+08	85404	-1.9193	0.99839	147
28	5	1.0186e+11	-6.7424e+07	70141	-1.909	0.99811	148
29	5	1.0769e+11	-8.3335e+07	83265	-1.8157	0.9984	149
30	5	1.4319e+11	-1.3312e+08	1.0981e+05	-1.2766	0.99909	150
1	6	2.1874e+11	-1.1274e+08	62027	-1.08	0.99954	151
2	6	1.4385e+11	-4.721e+07	51091	-0.81055	0.99882	152
3	6	9.1187e+10	4.1935e+07	10732	-0.24002	0.99888	153
4	6	9.9912e+10	2.8558e+07	12142	-0.18068	0.99898	154
5	6	1.3938e+11	-4.6724e+06	23939	-0.40807	0.99758	155
6	6	1.511e+11	-3.2118e+07	31260	-0.6166	0.99933	156
7	6	1.1378e+11	-1.3285e+07	40988	-0.67403	0.99926	157
8	6	8.4388e+10	2.845e+07	26195	-0.41421	0.99937	158
9	6	9.0711e+10	1.7728e+07	28822	-0.48462	0.99841	159
10	6	7.8969e+10	4.3192e+07	25496	-0.27826	0.99965	160
11	6	2.3756e+11	-6.6764e+07	57220	-0.78313	0.99861	161
12	6	1.2208e+11	4.2888e+07	30431	-0.31453	0.99901	162
13	6	4.6301e+10	1.4869e+08	-15858	0.12882	0.99909	163
14	6	3.3108e+10	1.5967e+08	-14954	0.25529	0.9989	164
15	6	2.2796e+10	1.5581e+08	-3207.2	0.2627	0.99962	165
16	6	3.8963e+10	1.2886e+08	7685.3	-0.24396	0.99912	166
17	6	1.4814e+11	-4.4508e+07	77947	-1.1731	0.99846	167
18	6	1.6856e+11	-6.9638e+07	89851	-1.3104	0.99826	168
19	6	1.3475e+11	9.3919e+06	62822	-0.98117	0.9981	169
20	6	1.5923e+11	8.0696e+07	-2931.1	0.27022	0.99773	170
21	6	1.1792e+11	-6.3989e+07	46990	-0.49226	0.99881	171
22	6	1.1152e+11	-7.6635e+07	61960	-0.64436	0.99853	172
23	6	1.2958e+11	-1.1679e+08	76158	-1.1354	0.99773	173
24	6	1.2566e+11	-1.0659e+08	70864	-0.93015	0.99834	174
25	6	1.3006e+11	-1.1474e+08	71650	-0.96096	0.99773	175
26	6	1.1086e+11	-8.5591e+07	63139	-1.2174	0.9986	176
27	6	1.0843e+11	-8.6144e+07	70500	-1.8319	0.9983	177
28	6	1.1189e+11	-9.4696e+07	79354	-2.8557	0.99773	178
29	6	1.1327e+11	-9.735e+07	82877	-1.9801	0.9985	179
30	6	1.3151e+11	-1.1308e+08	91719	-1.1173	0.9989	180
1	7	1.6859e+11	-7.6543e+07	66909	-0.9406	0.99928	181
2	7	1.3639e+11	-4.7777e+07	54177	-0.74577	0.99885	182
3	7	1.0324e+11	1.3899e+07	21518	-0.36406	0.99889	183
4	7	8.0955e+10	2.6499e+07	28482	-0.43513	0.99887	184
5	7	1.174e+11	-1.0443e+07	43781	-0.68007	0.99776	185
6	7	1.2714e+11	-1.628e+07	31004	-0.49537	0.99962	186
7	7	8.2293e+10	3.1517e+07	19591	-0.17635	0.99945	187
8	7	8.4348e+10	1.2029e+07	34216	-0.48778	0.99937	188
9	7	9.3625e+10	1.5707e+06	32439	-0.51461	0.9987	189
10	7	7.8767e+10	5.9839e+07	-1988.5	0.076703	0.99979	190
11	7	2.289e+11	-6.51e+07	43534	-0.47529	0.99917	191
12	7	1.1117e+11	5.027e+07	16862	-0.12318	0.99896	192
13	7	6.7719e+10	9.3697e+07	2757	0.022056	0.99932	193
14	7	7.4004e+10	7.0749e+07	20173	-0.3012	0.9991	194
15	7	3.1212e+10	1.2162e+08	8535.9	0.07168	0.99981	195
16	7	9.4338e+10	2.5904e+07	42162	-0.58517	0.99922	196
17	7	1.0308e+11	3.1458e+07	31877	-0.55221	0.99857	197
18	7	1.1395e+11	1.1399e+07	44560	-0.49035	0.99921	198
19	7	1.4333e+11	-1.3331e+07	60234	-0.74663	0.99818	199
20	7	1.809e+11	1.0838e+07	21819	0.12442	0.99851	200
21	7	1.1469e+11	-8.3242e+07	59540	-0.84148	0.99895	201
22	7	9.6689e+10	-6.671e+07	57029	-0.81039	0.99814	202
23	7	1.2869e+11	-1.3237e+08	82455	-1.1644	0.99802	203
24	7	1.2114e+11	-1.1247e+08	70036	-0.88842	0.9985	204
25	7	1.3481e+11	-1.3625e+08	75224	-1.0403	0.99844	205
26	7	1.2777e+11	-1.3162e+08	79092	-1.3875	0.99905	206
27	7	1.2755e+11	-1.2878e+08	80013	-2.7008	0.99876	207
28	7	1.1814e+11	-1.0639e+08	69327	-2.0489	0.99821	208
29	7	1.0823e+11	-9.2807e+07	68668	-1.2313	0.99853	209
30	7	1.2653e+11	-1.1099e+08	79882	-0.83401	0.99902	210
1	8	1.6068e+11	-7.2799e+07	55512	-0.45454	0.99948	211
2	8	1.3934e+11	-7.8043e+07	69093	-0.95824	0.99844	212
3	8	1.045e+11	-1.9967e+07	40883	-0.69292	0.99914	213
4	8	8.4136e+10	2.5463e+07	10635	-0.090899	0.99911	214
5	8	1.0412e+11	1.2847e+07	17651	-0.26907	0.99875	215
6	8	1.2773e+11	-4.2729e+07	43177	-0.92804	0.99927	216
7	8	7.0698e+10	3.1356e+07	19977	0.033497	0.99881	217
8	8	8.3079e+10	-5.8155e+06	43821	-0.58443	0.99904	218
9	8	8.3063e+10	-9.362e+06	45417	-0.72073	0.99897	219
10	8	6.5624e+10	5.4894e+07	7340.5	0.076947	0.9996	220
11	8	1.9639e+11	-1.2584e+07	9699.3	-0.057241	0.99923	221
12	8	1.2312e+11	1.6151e+07	27469	-0.14056	0.99877	222
13	8	7.8988e+10	4.6355e+07	27306	-0.34611	0.99883	223
14	8	5.6158e+10	7.7158e+07	19645	-0.22247	0.99904	224
15	8	-1.0835e+10	1.8708e+08	-26619	0.3687	0.99956	225
16	8	7.7136e+10	6.3584e+07	10143	-0.1506	0.99959	226
17	8	8.4381e+10	8.3889e+07	-14663	0.22543	0.99914	227
18	8	1.1907e+11	6.2227e+06	32560	-0.33235	0.99932	228
19	8	1.4335e+11	-3.1688e+07	65053	-0.93788	0.99822	229
20	8	1.4984e+11	-1.2384e+07	52538	-0.32291	0.99869	230
21	8	1.0698e+11	-6.6422e+07	39827	-0.40721	0.99902	231
22	8	8.4403e+10	-4.7946e+07	42871	-0.4445	0.999	232
23	8	1.1425e+11	-1.1714e+08	75931	-1.1145	0.99882	233
24	8	1.1852e+11	-1.256e+08	81921	-1.322	0.99823	234
25	8	1.2055e+11	-1.2991e+08	81509	-1.535	0.99755	235
26	8	1.0604e+11	-1.0912e+08	76865	-1.709	0.99812	236
27	8	1.0009e+11	-8.9378e+07	66093	-2.6798	0.99879	237
28	8	9.0344e+10	-7.0501e+07	58939	-1.3772	0.99883	238
29	8	8.7335e+10	-7.0649e+07	65853	-1.2318	0.99864	239
30	8	1.2508e+11	-1.3208e+08	99999	-1.1674	0.99887	240
1	9	1.5338e+11	-8.9975e+07	72029	-0.94832	0.99903	241
2	9	9.9836e+10	-2.6569e+07	48658	-0.70883	0.99895	242
3	9	9.6566e+10	-2.5098e+07	46091	-0.7116	0.99906	243
4	9	1.2046e+11	-5.4777e+07	45338	-0.50927	0.99901	244
5	9	1.3679e+11	-4.6695e+07	31536	-0.3441	0.99819	245
6	9	1.4484e+11	-7.688e+07	47004	-0.62467	0.99941	246
7	9	8.2733e+10	8.0785e+06	20076	0.06501	0.99891	247
8	9	9.1066e+10	-1.7771e+07	37933	-0.40623	0.99943	248
9	9	8.7393e+10	-1.9723e+07	43793	-0.52921	0.99897	249
10	9	8.1827e+10	-9.1132e+06	48451	-0.58255	0.99964	250
11	9	2.1698e+11	-6.0715e+07	29454	-0.20795	0.99938	251
12	9	1.2903e+11	-3.2686e+05	33002	-0.24626	0.99882	252
13	9	3.8594e+10	1.1826e+08	-9728.1	0.038977	0.99927	253
14	9	5.2819e+10	7.967e+07	15575	-0.16437	0.99858	254
15	9	-1.8877e+10	2.0162e+08	-36968	0.37388	0.99966	255
16	9	8.7783e+10	2.6987e+07	31221	-0.33208	0.99959	256
17	9	1.0869e+11	1.5983e+07	24236	-0.22922	0.99923	257
18	9	1.3381e+11	-3.7403e+07	56097	-0.75025	0.99906	258
19	9	9.6114e+10	4.3684e+07	29702	-0.60151	0.9983	259
20	9	1.5409e+11	-2.2316e+07	50646	-0.33177	0.9989	260
21	9	1.3587e+11	-1.2109e+08	57464	-1.6351	0.99881	261
22	9	1.1005e+11	-1.013e+08	64421	-1.3015	0.99892	262
23	9	1.1525e+11	-1.2346e+08	76221	-1.3291	0.99877	263
24	9	1.1927e+11	-1.321e+08	84040	-1.6648	0.99797	264
25	9	1.0921e+11	-1.1623e+08	77459	-1.5262	0.99794	265
26	9	9.4707e+10	-9.3043e+07	71476	-2.1832	0.99852	266
27	9	8.7263e+10	-7.4153e+07	62676	-2.0402	0.99935	267
28	9	7.1554e+10	-3.9928e+07	47772	-0.75508	0.99908	268
29	9	7.6136e+10	-6.1399e+07	69895	-1.3026	0.99817	269
30	9	1.2484e+11	-1.4811e+08	1.1828e+05	-1.2122	0.99902	270
1	10	1.1577e+11	-5.433e+07	61958	-1.262	0.99871	271
2	10	9.4711e+10	-2.0007e+07	35072	-0.69397	0.99909	272
3	10	9.2434e+10	-3.0347e+07	45059	-0.95742	0.99928	273
4	10	8.1127e+10	-1.927e+07	43974	-0.788	0.99852	274
5	10	9.1028e+10	5.2334e+06	16445	-0.12601	0.9983	275
6	10	1.3603e+11	-8.7086e+07	55128	-0.71542	0.99886	276
7	10	8.2168e+10	-3.0867e+06	20149	0.018214	0.99909	277
8	10	8.848e+10	-2.8877e+07	41108	-0.37732	0.99919	278
9	10	7.6606e+10	-2.7608e+07	54748	-0.77807	0.99801	279
10	10	5.423e+10	2.518e+07	32836	-0.44474	0.99954	280
11	10	1.4793e+11	-1.3274e+07	28462	-0.2096	0.99933	281
12	10	7.2159e+10	6.0037e+07	14032	-0.04362	0.99927	282
13	10	6.7165e+10	4.4641e+07	24276	-0.28405	0.99926	283
14	10	4.7869e+10	7.8538e+07	10363	-0.10423	0.99932	284
15	10	1.6764e+10	1.2211e+08	-4261.4	0.15499	0.99976	285
16	10	6.6356e+10	4.173e+07	24958	-0.29944	0.99921	286
17	10	1.0808e+11	-1.972e+07	45220	-0.53394	0.99917	287
18	10	1.2278e+11	-3.2723e+07	46847	-0.58311	0.99897	288
19	10	5.244e+10	1.1742e+08	-18992	0.083318	0.99838	289
20	10	1.6047e+11	-2.8731e+07	32671	-0.28663	0.99897	290
21	10	1.2182e+11	-1.1239e+08	50351	-0.37692	0.99795	291
22	10	1.0018e+11	-9.7102e+07	60808	-1.104	0.99886	292
23	10	9.9907e+10	-1.0972e+08	69275	-1.2475	0.99871	293
24	10	9.7415e+10	-1.0612e+08	70966	-1.5805	0.99847	294
25	10	9.4037e+10	-9.837e+07	64501	-1.2459	0.99873	295
26	10	7.9132e+10	-7.3726e+07	58155	-1.5714	0.99859	296
27	10	8.6603e+10	-9.2091e+07	72749	-1.7061	0.99844	297
28	10	7.6981e+10	-7.0846e+07	63937	-1.1936	0.99794	298
29	10	6.163e+10	-3.373e+07	44280	-0.84118	0.99836	299
30	10	1.0311e+11	-1.2058e+08	99867	-0.90796	0.99952	300
1	11	1.1123e+11	-6.2594e+07	65726	-1.674	0.99878	301
2	11	8.6338e+10	-2.4335e+07	39989	-0.90967	0.99885	302
3	11	8.0628e+10	-3.0427e+07	48809	-1.0954	0.99902	303
4	11	6.0325e+10	6.3587e+06	29039	-0.60394	0.99876	304
5	11	9.5739e+10	-3.1508e+07	37405	-0.54188	0.9979	305
6	11	1.1722e+11	-6.9557e+07	43534	-0.44722	0.99928	306
7	11	6.9487e+10	1.0376e+06	18806	0.0046802	0.99882	307
8	11	7.911e+10	-3.8618e+07	52043	-0.78884	0.99946	308
9	11	7.0429e+10	-3.2281e+07	55605	-0.93861	0.99863	309
10	11	5.9455e+10	7.4768e+06	32483	-0.38256	0.99965	310
11	11	1.3922e+11	-2.9127e+07	38789	-0.50402	0.99887	311
12	11	7.9137e+10	2.0248e+07	34785	-0.41881	0.99933	312
13	11	6.2479e+10	3.3647e+07	29446	-0.54807	0.9993	313
14	11	5.5525e+10	4.353e+07	27079	-0.36504	0.99915	314
15	11	8.5092e+09	1.2633e+08	-12405	0.30334	0.99949	315
16	11	6.7558e+10	3.5611e+07	15955	-0.17601	0.99946	316
17	11	1.0265e+11	-1.2485e+07	28867	-0.3472	0.99898	317
18	11	1.2047e+11	-3.4286e+07	34341	-0.4111	0.99907	318
19	11	1.1365e+11	7.0317e+06	14849	-0.15432	0.99842	319
20	11	1.9711e+11	-9.6713e+07	42885	-0.087266	0.99865	320
21	11	7.2805e+10	-4.8521e+07	41798	-0.17354	0.99877	321
22	11	5.8589e+10	-3.339e+07	39866	-0.40709	0.99878	322
23	11	7.7226e+10	-7.8354e+07	60291	-0.677	0.99862	323
24	11	8.3815e+10	-9.0215e+07	65954	-0.84166	0.9983	324
25	11	8.3983e+10	-9.291e+07	65443	-0.76063	0.99839	325
26	11	7.2165e+10	-6.7165e+07	51465	-0.65507	0.99914	326
27	11	7.6128e+10	-7.7619e+07	60408	-0.7727	0.99941	327
28	11	7.7809e+10	-8.3791e+07	67801	-0.92673	0.9984	328
29	11	6.1906e+10	-4.1899e+07	42253	-0.61704	0.99904	329
30	11	8.9619e+10	-9.2044e+07	73495	-0.81333	0.99948	330
1	12	9.5313e+10	-4.6876e+07	55184	-0.75571	0.99882	331
2	12	8.4572e+10	-4.4815e+07	54656	-0.85068	0.99864	332
3	12	6.906e+10	-8.8967e+06	28701	-0.37969	0.99926	333
4	12	6.9455e+10	-1.561e+07	31458	-0.31041	0.99912	334
5	12	9.258e+10	-4.6142e+07	47890	-0.41176	0.99788	335
6	12	8.8781e+10	-5.3396e+07	55817	-0.73153	0.99922	336
7	12	5.8413e+10	-1.3629e+07	45005	-0.50301	0.99929	337
8	12	6.2169e+10	-2.4181e+07	49580	-0.81791	0.99899	338
9	12	7.4812e+10	-5.1088e+07	60714	-1.1231	0.99833	339
10	12	7.3321e+10	-1.9853e+07	32671	-0.30726	0.9997	340
11	12	1.5099e+11	-7.0025e+07	57356	-1.3104	0.99866	341
12	12	7.4361e+10	1.5087e+07	36177	-0.72309	0.9993	342
13	12	5.9682e+10	2.0804e+07	37225	-0.75184	0.99908	343
14	12	4.1207e+10	5.1828e+07	25800	-0.60598	0.99937	344
15	12	2.4933e+10	8.5017e+07	5577.1	-0.05868	0.99976	345
16	12	6.9338e+10	1.6939e+07	25059	-0.51819	0.99954	346
17	12	9.4704e+10	-1.6362e+07	31304	-0.54467	0.99885	347
18	12	1.1077e+11	-3.3797e+07	33035	-0.39413	0.99896	348
19	12	1.0871e+11	-7.1046e+06	20736	-0.24363	0.99874	349
20	12	1.9118e+11	-1.1376e+08	51486	-0.18355	0.99915	350
21	12	6.3912e+10	-4.7651e+07	46979	-0.40633	0.99933	351
22	12	5.5118e+10	-3.8323e+07	44984	-0.50677	0.99902	352
23	12	6.6082e+10	-6.5897e+07	55399	-0.71646	0.99883	353
24	12	7.1125e+10	-7.3437e+07	57814	-0.83469	0.9988	354
25	12	7.065e+10	-7.6234e+07	58126	-0.65221	0.99888	355
26	12	6.0697e+10	-5.8574e+07	51499	-0.94228	0.99911	356
27	12	6.598e+10	-6.9771e+07	59145	-1.181	0.99933	357
28	12	7.2772e+10	-8.1497e+07	63197	-0.88724	0.99861	358
29	12	6.0712e+10	-5.3233e+07	48401	-0.76203	0.99902	359
30	12	7.9668e+10	-8.6957e+07	70795	-0.73743	0.99913	360
1	13	7.1141e+10	-2.4678e+07	45758	-0.79944	0.99905	361
2	13	7.4085e+10	-4.1645e+07	49550	-0.76094	0.99872	362
3	13	8.5538e+10	-5.5094e+07	45749	-0.61297	0.99881	363
4	13	6.2373e+10	-2.966e+07	49014	-0.80043	0.99847	364
5	13	7.2988e+10	-3.4842e+07	50978	-0.58801	0.99828	365
6	13	6.6234e+10	-3.7187e+07	60824	-0.80823	0.99899	366
7	13	3.8036e+10	8.8903e+06	41559	-0.4369	0.99956	367
8	13	5.2536e+10	-2.7841e+07	63519	-1.0709	0.99852	368
9	13	5.9087e+10	-3.8178e+07	63838	-1.1067	0.99847	369
10	13	5.4042e+10	-1.024e+07	42702	-0.3697	0.99964	370
11	13	1.2441e+11	-4.1322e+07	34740	-0.58211	0.99936	371
12	13	6.5434e+10	2.2689e+07	22132	-0.19663	0.99887	372
13	13	4.3109e+10	4.4475e+07	17036	-0.23471	0.99903	373
14	13	3.2201e+10	5.2982e+07	22012	-0.41023	0.99909	374
15	13	1.6921e+10	7.4499e+07	15254	-0.17225	0.99967	375
16	13	4.8604e+10	2.6131e+07	27898	-0.59635	0.99928	376
17	13	7.5302e+10	-1.2488e+07	37513	-0.56347	0.99888	377
18	13	9.4994e+10	-2.9238e+07	31981	-0.24505	0.99918	378
19	13	7.895e+10	5.0622e+07	-21440	0.35017	0.99679	379
20	13	1.1767e+11	-5.234e+07	52235	-0.52982	0.99844	380
21	13	4.7418e+10	-2.5466e+07	40486	-0.63282	0.99947	381
22	13	4.6858e+10	-3.5461e+07	50131	-0.69333	0.99887	382
23	13	4.5125e+10	-3.15e+07	40921	-0.52349	0.99921	383
24	13	5.4518e+10	-5.1906e+07	52179	-0.65833	0.99901	384
25	13	6.2251e+10	-7.1346e+07	60052	-0.82297	0.99794	385
26	13	5.1599e+10	-4.8871e+07	47638	-0.6212	0.99947	386
27	13	5.522e+10	-4.9058e+07	41287	-0.50412	0.99978	387
28	13	5.7179e+10	-5.6205e+07	49043	-0.61481	0.99916	388
29	13	5.261e+10	-5.276e+07	55265	-0.9472	0.99916	389
30	13	6.0003e+10	-6.4911e+07	68012	-0.58554	0.99913	390
1	14	1.6322e+11	-1.892e+08	84545	-1.0573	0.99873	391
2	14	8.858e+10	-8.1688e+07	62438	-1.0775	0.99805	392
3	14	6.9922e+10	-4.9561e+07	53718	-0.96241	0.99814	393
4	14	4.1709e+10	-9.0178e+06	52509	-0.96896	0.99834	394
5	14	6.0392e+10	-2.7197e+07	57386	-1.0295	0.99789	395
6	14	7.5041e+10	-4.7807e+07	54541	-0.72713	0.99898	396
7	14	4.6693e+10	-8.0398e+06	44971	-0.43846	0.99934	397
8	14	5.4011e+10	-3.6915e+07	70711	-1.0932	0.99864	398
9	14	4.7849e+10	-3.1617e+07	73865	-1.3878	0.99789	399
10	14	3.7492e+10	-3.2365e+06	61504	-0.94745	0.99907	400
11	14	1.2597e+11	-6.6175e+07	52066	-0.69672	0.99928	401
12	14	7.2455e+10	-7.6737e+06	40530	-0.45329	0.99883	402
13	14	6.1015e+10	-1.6497e+06	41229	-0.66833	0.99878	403
14	14	3.0382e+10	5.2403e+07	19458	-0.33894	0.99868	404
15	14	1.8021e+10	7.1603e+07	11349	-0.10758	0.99957	405
16	14	5.6248e+10	7.7502e+06	31969	-0.62825	0.99923	406
17	14	7.894e+10	-2.0994e+07	34317	-0.51018	0.99846	407
18	14	9.5809e+10	-2.7027e+07	20651	-0.12995	0.9989	408
19	14	8.3807e+10	1.7937e+07	-376.36	0.21067	0.99738	409
20	14	1.0145e+11	-5.8407e+07	70436	-0.85324	0.99734	410
21	14	4.8647e+10	-3.4247e+07	44672	-1.3287	0.99907	411
22	14	4.4702e+10	-3.4731e+07	48177	-1.3489	0.99826	412
23	14	5.8221e+10	-7.0998e+07	65241	-1.3858	0.99801	413
24	14	5.2068e+10	-4.8408e+07	46654	-1.0036	0.99826	414
25	14	5.7447e+10	-6.1978e+07	50696	-0.85693	0.99755	415
26	14	5.2697e+10	-5.776e+07	53184	-0.86477	0.99822	416
27	14	5.3909e+10	-5.9508e+07	55073	-0.96501	0.99885	417
28	14	4.511e+10	-3.5835e+07	40342	-0.69824	0.9982	418
29	14	5.7449e+10	-7.0536e+07	67022	-1.1839	0.999	419
30	14	4.581e+10	-3.0169e+07	42068	-0.53241	0.99855	420
1	15	7.9599e+10	-5.533e+07	51292	-1.01	0.99815	421
2	15	7.5798e+10	-6.2835e+07	56904	-0.96232	0.99843	422
3	15	7.3408e+10	-6.5066e+07	65109	-1.3698	0.99806	423
4	15	4.3048e+10	-1.3813e+07	53986	-1.0251	0.99855	424
5	15	5.0391e+10	-1.6979e+07	59424	-1.3251	0.99753	425
6	15	5.4445e+10	-1.912e+07	51124	-0.88018	0.99868	426
7	15	3.6374e+10	1.8439e+06	48080	-0.55773	0.99938	427
8	15	5.1193e+10	-4.2322e+07	80476	-1.2739	0.99909	428
9	15	4.6921e+10	-3.378e+07	75889	-1.5773	0.99826	429
10	15	4.1771e+10	-1.1603e+07	62175	-0.8426	0.99925	430
11	15	7.7613e+10	-1.4908e+07	47573	-0.67772	0.99862	431
12	15	4.5966e+10	1.8399e+07	40066	-0.52167	0.9993	432
13	15	2.3372e+10	5.5011e+07	18258	-0.24704	0.99954	433
14	15	3.1945e+10	3.6388e+07	28817	-0.47943	0.99906	434
15	15	3.8833e+10	3.0245e+07	19675	-0.14995	0.99967	435
16	15	7.88e+10	-2.9159e+07	28766	-0.40367	0.99968	436
17	15	1.0268e+11	-7.2766e+07	44663	-0.56953	0.99875	437
18	15	1.2002e+11	-1.026e+08	54405	-0.52133	0.99923	438
19	15	1.3332e+11	-8.5837e+07	28569	-0.012312	0.99638	439
20	15	1.3805e+11	-1.2436e+08	73462	-0.6898	0.99796	440
21	15	4.1996e+10	-2.7761e+07	47530	-0.9221	0.99836	441
22	15	3.8478e+10	-2.7958e+07	50635	-1.0529	0.99783	442
23	15	4.3457e+10	-4.1398e+07	54000	-1.0986	0.99752	443
24	15	4.3836e+10	-4.1945e+07	55008	-1.3447	0.99772	444
25	15	4.3966e+10	-4.4262e+07	54954	-1.6047	0.99683	445
26	15	4.3118e+10	-4.7332e+07	59984	-1.9269	0.99775	446
27	15	4.2626e+10	-4.1542e+07	52550	-1.3416	0.99775	447
28	15	4.2375e+10	-3.9164e+07	48737	-1.1282	0.99792	448
29	15	5.8287e+10	-8.4941e+07	81030	-1.2073	0.9984	449
30	15	2.5861e+10	2.7505e+07	-5423.3	0.0063976	0.99789	450
1	16	8.4078e+10	-5.7937e+07	46154	-1.3751	0.99916	451
2	16	6.8408e+10	-5.6941e+07	65809	-1.6349	0.9985	452
3	16	5.9258e+10	-5.3731e+07	79051	-2.2508	0.99822	453
4	16	3.7024e+10	-1.0965e+07	63624	-1.6911	0.9984	454
5	16	3.6599e+10	-8.7131e+06	71832	-1.9047	0.99814	455
6	16	5.236e+10	-3.9024e+07	79604	-1.4796	0.99841	456
7	16	3.21e+10	5.1652e+06	49353	-0.69731	0.99939	457
8	16	4.5194e+10	-2.5995e+07	65667	-1.0747	0.99884	458
9	16	4.2634e+10	-2.671e+07	69837	-1.2994	0.99845	459
10	16	4.4606e+10	-3.0715e+07	77853	-1.1088	0.99931	460
11	16	1.0677e+11	-6.415e+07	49255	-0.58131	0.99876	461
12	16	5.7027e+10	-87513	32689	-0.38833	0.99913	462
13	16	5.1236e+10	-5.6499e+06	40877	-0.65151	0.99919	463
14	16	3.9386e+10	1.5057e+07	33100	-0.61547	0.99856	464
15	16	3.6775e+10	2.4735e+07	21766	-0.18382	0.99977	465
16	16	5.6869e+10	-1.0002e+07	31265	-0.69446	0.99922	466
17	16	7.2087e+10	-4.2673e+07	46592	-0.60835	0.99846	467
18	16	9.5847e+10	-7.0718e+07	43372	-0.42178	0.99938	468
19	16	1.1187e+11	-7.3235e+07	32961	-0.023523	0.99841	469
20	16	1.2268e+11	-1.0462e+08	60708	-0.27466	0.99892	470
21	16	5.4516e+10	-5.3847e+07	48644	-0.81533	0.99838	471
22	16	3.9807e+10	-3.148e+07	43873	-0.87364	0.99839	472
23	16	4.5072e+10	-5.2366e+07	58556	-1.075	0.99848	473
24	16	4.5511e+10	-5.2379e+07	59593	-1.3355	0.99807	474
25	16	4.3789e+10	-5.1573e+07	60054	-1.813	0.99731	475
26	16	4.3028e+10	-5.7721e+07	70210	-2.4676	0.99745	476
27	16	4.657e+10	-6.0665e+07	67559	-2.1091	0.99747	477
28	16	3.7174e+10	-2.8886e+07	38352	-1.0239	0.99796	478
29	16	5.5176e+10	-8.1328e+07	76214	-1.5836	0.99782	479
30	16	3.1224e+10	3.4432e+06	9956.3	-0.31242	0.99814	480
1	17	5.7462e+10	-1.9601e+07	40237	-1.7638	0.99869	481
2	17	5.5487e+10	-4.9602e+07	77771	-3.2905	0.9987	482
3	17	5.2728e+10	-5.0998e+07	84845	-2.6723	0.99852	483
4	17	3.5858e+10	-8.6571e+06	55650	-1.2854	0.9985	484
5	17	3.6194e+10	-7.8592e+06	64129	-1.0956	0.99788	485
6	17	3.986e+10	-1.5966e+07	65769	-0.95499	0.99903	486
7	17	2.8318e+10	1.0633e+06	59190	-0.86137	0.9995	487
8	17	4.1864e+10	-3.3345e+07	78950	-1.2971	0.99884	488
9	17	3.7872e+10	-2.0934e+07	67474	-1.2133	0.9988	489
10	17	3.842e+10	-1.8248e+07	69202	-1.0726	0.99942	490
11	17	1.0021e+11	-7.6936e+07	61978	-0.85637	0.99799	491
12	17	6.0687e+10	-1.8869e+07	40970	-0.4573	0.9985	492
13	17	4.6508e+10	-1.965e+06	35086	-0.48391	0.99914	493
14	17	4.1791e+10	3.4819e+06	36546	-0.46781	0.99886	494
15	17	2.5245e+10	4.6606e+07	4901.8	0.15993	0.99959	495
16	17	5.9526e+10	-3.1488e+07	47052	-0.72579	0.99908	496
17	17	7.2395e+10	-4.1801e+07	39163	-0.35479	0.99918	497
18	17	8.3065e+10	-6.3719e+07	50912	-0.79022	0.99918	498
19	17	8.313e+10	-3.5672e+07	27675	0.037861	0.9986	499
20	17	6.7138e+10	-2.7307e+07	48748	-0.52135	0.99748	500
21	17	5.7819e+10	-6.7322e+07	54710	-2.6791	0.99886	501
22	17	4.2204e+10	-4.2246e+07	48586	-1.7672	0.99809	502
23	17	4.6047e+10	-6.0217e+07	62836	-2.4045	0.99845	503
24	17	4.6767e+10	-6.2867e+07	67363	-2.9994	0.99796	504
25	17	4.7816e+10	-6.7146e+07	69304	-3.0965	0.99661	505
26	17	3.8561e+10	-4.7493e+07	59439	-2.5995	0.99688	506
27	17	3.9245e+10	-4.7377e+07	58306	-1.9068	0.99742	507
28	17	3.8537e+10	-4.4929e+07	56242	-1.7948	0.99749	508
29	17	4.8647e+10	-7.7289e+07	80956	-2.5972	0.9978	509
30	17	2.8981e+10	4.0845e+06	8905.4	-0.35661	0.9964	510
1	18	7.9626e+10	-8.5726e+07	60782	-0.79215	0.9973	511
2	18	5.4985e+10	-6.3049e+07	74944	-1.6325	0.99806	512
3	18	4.2288e+10	-3.4559e+07	60421	-1.2977	0.99806	513
4	18	4.2845e+10	-3.1037e+07	55640	-1.0791	0.99832	514
5	18	4.5984e+10	-2.4849e+07	52738	-0.8458	0.99797	515
6	18	4.1839e+10	-1.9466e+07	53666	-0.905	0.99838	516
7	18	2.8026e+10	-1.0375e+07	63564	-0.89563	0.99935	517
8	18	3.5404e+10	-2.723e+07	72718	-1.2762	0.99866	518
9	18	3.6066e+10	-2.7157e+07	70508	-1.4023	0.99846	519
10	18	3.4133e+10	-2.014e+07	69574	-1.0484	0.99919	520
11	18	8.6367e+10	-7.6589e+07	61147	-1.1811	0.99771	521
12	18	5.8071e+10	-2.2971e+07	29834	-0.29814	0.9992	522
13	18	4.3622e+10	-6.8118e+06	27762	-0.31313	0.99939	523
14	18	4.5857e+10	-1.8928e+07	40402	-0.60396	0.99881	524
15	18	4.1157e+10	2.2579e+06	17735	0.027847	0.99969	525
16	18	5.1351e+10	-2.4556e+07	34427	-0.43265	0.99906	526
17	18	6.1037e+10	-4.2554e+07	42223	-0.6174	0.99856	527
18	18	6.0742e+10	-4.3356e+07	45524	-0.7048	0.99892	528
19	18	6.9853e+10	-4.3293e+07	42329	-0.55297	0.99882	529
20	18	4.9079e+10	-1.4792e+07	47317	-0.69888	0.99651	530
21	18	4.1254e+10	-4.4732e+07	50268	-1.9955	0.99825	531
22	18	3.7335e+10	-4.127e+07	50616	-1.3471	0.99697	532
23	18	3.479e+10	-3.8807e+07	47027	-1.1076	0.99726	533
24	18	3.6402e+10	-4.542e+07	54839	-1.3695	0.99752	534
25	18	3.7868e+10	-5.4512e+07	62867	-1.7163	0.99662	535
26	18	3.4957e+10	-5.0181e+07	61282	-1.6099	0.99569	536
27	18	4.1965e+10	-6.2428e+07	61669	-1.323	0.99571	537
28	18	3.5591e+10	-3.7786e+07	35412	-0.53559	0.99767	538
29	18	3.8411e+10	-5.1871e+07	52137	-1.4767	0.99641	539
30	18	4.1409e+10	-5.969e+07	64613	-1.4738	0.99761	540
1	19	7.0465e+10	-8.8683e+07	72398	-1.3926	0.99778	541
2	19	4.9419e+10	-5.7374e+07	64784	-1.5771	0.9966	542
3	19	3.9771e+10	-3.6957e+07	54781	-1.1528	0.99791	543
4	19	3.7875e+10	-2.9438e+07	49436	-0.87102	0.99843	544
5	19	4.2086e+10	-2.8997e+07	52863	-0.90833	0.99838	545
6	19	3.5163e+10	-2.2394e+07	62239	-1.155	0.99869	546
7	19	3.1837e+10	-2.4515e+07	69897	-1.1451	0.99918	547
8	19	2.841e+10	-1.4056e+07	62016	-1.0758	0.99888	548
9	19	3.0964e+10	-1.9896e+07	65867	-1.2557	0.99847	549
10	19	3.723e+10	-3.8335e+07	85075	-1.2724	0.99903	550
11	19	8.5999e+10	-8.0668e+07	56058	-1.3996	0.99843	551
12	19	5.719e+10	-3.8271e+07	43345	-0.67676	0.99938	552
13	19	3.7441e+10	-2.0176e+06	24451	-0.32208	0.99937	553
14	19	4.3998e+10	-2.2378e+07	41705	-0.89685	0.99846	554
15	19	4.4509e+10	-1.3587e+07	23242	-0.088901	0.99944	555
16	19	4.6334e+10	-2.0084e+07	28185	-0.39771	0.99881	556
17	19	5.4561e+10	-4.2731e+07	46526	-0.95023	0.99898	557
18	19	4.8503e+10	-3.3848e+07	49745	-1.0038	0.99827	558
19	19	5.537e+10	-2.6616e+07	39899	-0.80812	0.99871	559
20	19	3.9392e+10	-9.9328e+06	52224	-0.76961	0.99706	560
21	19	3.2373e+10	-2.8044e+07	43637	-0.81059	0.99725	561
22	19	3.532e+10	-4.6685e+07	62612	-1.3011	0.99734	562
23	19	3.1507e+10	-3.6186e+07	50478	-1.0194	0.99684	563
24	19	3.4154e+10	-4.396e+07	57138	-1.2364	0.99706	564
25	19	3.1368e+10	-4.2102e+07	59044	-1.4313	0.99717	565
26	19	2.9318e+10	-4.0884e+07	61587	-1.6649	0.9968	566
27	19	3.5258e+10	-5.6927e+07	72457	-1.8213	0.996	567
28	19	3.1954e+10	-4.0387e+07	51440	-1.127	0.99736	568
29	19	2.7687e+10	-2.6079e+07	39493	-1.147	0.99661	569
30	19	4.1419e+10	-6.6233e+07	75854	-1.1894	0.99846	570
1	20	5.2574e+10	-6.0153e+07	77767	-1.7589	0.99917	571
2	20	3.9073e+10	-3.716e+07	61051	-1.5527	0.99733	572
3	20	3.4566e+10	-2.6979e+07	49213	-1.1292	0.9984	573
4	20	3.6846e+10	-3.3927e+07	49503	-0.93527	0.99813	574
5	20	3.8509e+10	-3.2472e+07	53662	-1.0271	0.99785	575
6	20	2.8109e+10	-1.75e+07	56372	-1.1653	0.99871	576
7	20	2.2121e+10	-7.6075e+06	52232	-0.8393	0.99898	577
8	20	2.4903e+10	-1.8203e+07	61869	-1.5516	0.99873	578
9	20	2.83e+10	-2.6191e+07	65805	-1.2825	0.99875	579
10	20	2.9469e+10	-2.751e+07	70870	-1.2749	0.99901	580
11	20	8.0396e+10	-8.2592e+07	55925	-1.404	0.99864	581
12	20	4.5377e+10	-3.0594e+07	44831	-0.84562	0.99849	582
13	20	3.1772e+10	-7.9164e+06	35384	-0.80175	0.99886	583
14	20	3.1383e+10	-1.4075e+06	26047	-0.40924	0.999	584
15	20	3.9692e+10	-1.8476e+07	28381	-0.29536	0.99943	585
16	20	4.0143e+10	-1.9766e+07	29595	-0.43126	0.99939	586
17	20	4.0781e+10	-2.9289e+07	45199	-1.0378	0.99808	587
18	20	4.3516e+10	-3.5916e+07	51360	-1.046	0.99823	588
19	20	5.1504e+10	-3.4216e+07	41611	-0.55126	0.99899	589
20	20	3.7221e+10	-1.5175e+07	50233	-0.66648	0.99724	590
21	20	3.2486e+10	-4.5162e+07	54203	-1.1681	0.99642	591
22	20	2.8373e+10	-3.5626e+07	46303	-1.1545	0.99685	592
23	20	3.108e+10	-4.3741e+07	46821	-0.94643	0.99606	593
24	20	3.3353e+10	-5.0761e+07	54066	-1.1418	0.99563	594
25	20	2.6034e+10	-3.7277e+07	52008	-1.2782	0.99632	595
26	20	2.52e+10	-3.8277e+07	56797	-1.5368	0.99557	596
27	20	2.6053e+10	-4.0549e+07	58289	-1.4444	0.99707	597
28	20	3.229e+10	-5.4184e+07	60280	-1.2659	0.99772	598
29	20	2.9546e+09	5.6661e+07	-44957	0.57278	0.99648	599
30	20	4.0451e+10	-8.54e+07	98056	-0.24262	0.9979	600
1	21	3.6501e+10	-3.6069e+07	65079	-0.98661	0.99936	601
2	21	2.072e+10	-3.4585e+06	43810	-1.1228	0.99817	602
3	21	2.3588e+10	-1.735e+07	55295	-1.3801	0.99867	603
4	21	2.2864e+10	-1.3504e+07	41172	-0.92479	0.99817	604
5	21	3.5068e+10	-3.5028e+07	47237	-0.91513	0.99699	605
6	21	2.5501e+10	-2.0569e+07	43689	-0.76404	0.9976	606
7	21	2.0115e+10	-1.639e+07	49365	-0.96516	0.99919	607
8	21	1.9573e+10	-1.3573e+07	44909	-1.1123	0.99827	608
9	21	2.3374e+10	-2.7766e+07	57189	-1.4697	0.99792	609
10	21	2.2695e+10	-2.1966e+07	53329	-1.0883	0.99903	610
11	21	5.605e+10	-5.309e+07	52795	-1.0912	0.99796	611
12	21	3.5052e+10	-1.9654e+07	42693	-0.85201	0.99846	612
13	21	2.3818e+10	6.7535e+06	24178	-0.33014	0.99924	613
14	21	2.8252e+10	-9.169e+06	39377	-0.7828	0.99869	614
15	21	1.91e+10	9.7095e+06	30107	-0.54206	0.9996	615
16	21	2.8248e+10	-1.0028e+07	38396	-0.79674	0.99869	616
17	21	3.1767e+10	-1.3822e+07	34203	-0.66341	0.99858	617
18	21	3.8994e+10	-2.977e+07	41344	-0.70115	0.99852	618
19	21	4.7374e+10	-3.7775e+07	43560	-0.64842	0.99963	619
20	21	2.8943e+10	-1.3993e+07	56629	-0.97835	0.99681	620
21	21	3.0874e+10	-4.6504e+07	46328	-0.82745	0.99607	621
22	21	2.3031e+10	-3.1022e+07	42954	-1.0044	0.99719	622
23	21	2.4123e+10	-3.739e+07	48131	-1.1649	0.99694	623
24	21	2.1923e+10	-2.9087e+07	42631	-0.78541	0.99833	624
25	21	2.0561e+10	-2.8665e+07	46397	-1.1935	0.99627	625
26	21	1.9159e+10	-2.8778e+07	52133	-1.3269	0.99751	626
27	21	1.833e+10	-2.3647e+07	46915	-1.3372	0.99751	627
28	21	3.0995e+10	-6.2965e+07	76036	-1.6844	0.99819	628
29	21	-1.3098e+10	1.1636e+08	-1.0708e+05	1.6062	0.98504	629
30	21	3.6676e+10	-8.1901e+07	98280	1.3829	0.99863	630
1	22	3.7642e+10	-5.3129e+07	61982	-1.3885	0.99798	631
2	22	2.346e+10	-1.7645e+07	34771	-0.81684	0.99799	632
3	22	2.2618e+10	-2.222e+07	44659	-1.2499	0.9979	633
4	22	1.6464e+10	-9.2414e+06	35463	-0.87197	0.99839	634
5	22	3.4042e+10	-4.7623e+07	49330	-0.99743	0.99621	635
6	22	2.5458e+10	-3.3413e+07	44980	-0.92562	0.99829	636
7	22	1.6565e+10	-1.4332e+07	36525	-0.65443	0.99945	637
8	22	1.9973e+10	-2.8063e+07	49300	-1.3865	0.99751	638
9	22	1.6576e+10	-1.6519e+07	38481	-1.0436	0.99795	639
10	22	1.786e+10	-2.1551e+07	47171	-1.0813	0.99891	640
11	22	3.884e+10	-2.8457e+07	49013	-0.91035	0.99882	641
12	22	2.6104e+10	-1.7556e+06	31102	-0.43214	0.99905	642
13	22	1.7363e+10	4.7458e+06	38753	-0.89044	0.99825	643
14	22	1.5219e+10	8.1369e+06	37765	-0.76075	0.99931	644
15	22	2.1598e+10	2.798e+06	21640	-0.13557	0.99934	645
16	22	2.5839e+10	-1.3115e+07	34392	-0.64925	0.99913	646
17	22	3.2584e+10	-2.6868e+07	38481	-0.65754	0.99859	647
18	22	3.4701e+10	-3.2703e+07	43108	-0.73659	0.99885	648
19	22	3.4402e+10	-2.896e+07	46437	-0.87401	0.99854	649
20	22	2.1749e+10	-4.9306e+06	47159	-0.82078	0.99743	650
21	22	2.8695e+10	-4.8713e+07	45535	-0.67299	0.99823	651
22	22	2.1076e+10	-2.9135e+07	34920	-0.60006	0.99678	652
23	22	1.9884e+10	-3.1216e+07	41683	-1.1055	0.99711	653
24	22	2.0957e+10	-3.5734e+07	49164	-1.1981	0.9975	654
25	22	1.6379e+10	-1.9477e+07	34805	-0.85491	0.99805	655
26	22	1.6512e+10	-2.5045e+07	46985	-1.1327	0.99738	656
27	22	1.2866e+10	-1.3941e+07	40688	-1.2507	0.99834	657
28	22	2.5116e+10	-5.41e+07	73137	-1.9665	0.99832	658
29	22	4.4254e+09	2.9215e+07	-11858	0.2933	0.99873	659
30	22	2.9814e+10	-6.8294e+07	86720	1.9052	0.9987	660
1	23	2.7259e+10	-2.9291e+07	57384	-1.1173	0.999	661
2	23	1.6462e+10	-4.6443e+06	34992	-0.83849	0.99789	662
3	23	2.0056e+10	-1.5966e+07	36982	-0.83312	0.99914	663
4	23	1.4235e+10	-6.552e+06	32779	-0.79756	0.99858	664
5	23	2.5488e+10	-3.18e+07	42596	-0.96874	0.9963	665
6	23	2.1929e+10	-3.329e+07	43861	-0.98881	0.99842	666
7	23	1.9337e+10	-3.0957e+07	42031	-1.0053	0.99791	667
8	23	2.299e+10	-4.0836e+07	42774	-1.1215	0.99712	668
9	23	1.7663e+10	-2.9677e+07	44406	-1.4133	0.99571	669
10	23	1.5217e+10	-2.1063e+07	42341	-1.2758	0.99792	670
11	23	4.4698e+10	-5.0203e+07	52415	-1.3638	0.99697	671
12	23	3.053e+10	-2.4204e+07	42343	-0.79046	0.99846	672
13	23	1.308e+10	3.9269e+06	41665	-1.0508	0.99816	673
14	23	9.8649e+09	1.6968e+07	29265	-0.68308	0.99856	674
15	23	1.4e+10	9.2528e+06	23726	-0.40195	0.9996	675
16	23	2.5415e+10	-2.1948e+07	41085	-0.86785	0.99875	676
17	23	2.5276e+10	-2.2616e+07	43398	-1.0479	0.99784	677
18	23	2.2764e+10	-1.7695e+07	43303	-0.93819	0.99797	678
19	23	2.4916e+10	-1.8055e+07	43224	-0.85381	0.99731	679
20	23	2.6119e+10	-2.1168e+07	48325	-0.85174	0.99728	680
21	23	2.1189e+10	-3.1694e+07	34555	-0.39679	0.99872	681
22	23	1.7278e+10	-2.4132e+07	34410	-0.76922	0.99698	682
23	23	1.8723e+10	-3.2014e+07	42344	-1.2404	0.99611	683
24	23	1.6971e+10	-2.5829e+07	38441	-0.90983	0.99786	684
25	23	1.4757e+10	-2.063e+07	37222	-0.98916	0.99708	685
26	23	1.3803e+10	-2.0968e+07	42615	-1.043	0.99798	686
27	23	1.14e+10	-1.2728e+07	36615	-1.2512	0.99776	687
28	23	2.4941e+10	-6.2668e+07	80260	-2.869	0.99784	688
29	23	1.3898e+09	6.5314e+07	-90608	2.1785	0.97225	689
30	23	3.1456e+10	-7.9044e+07	88301	1.0652	0.99759	690
1	24	1.8196e+10	-8.6985e+06	43923	-0.63872	0.99925	691
2	24	1.519e+10	-6.6846e+06	39662	-1.0971	0.99746	692
3	24	2.0695e+10	-2.4056e+07	41724	-1.0819	0.99854	693
4	24	1.5427e+10	-1.4016e+07	36605	-1.0507	0.99868	694
5	24	1.2633e+10	-5.7698e+06	37314	-0.93095	0.99795	695
6	24	1.386e+10	-1.6215e+07	38968	-1.0215	0.99795	696
7	24	1.3287e+10	-1.8276e+07	35282	-0.88819	0.99833	697
8	24	1.9694e+10	-4.1194e+07	45864	-1.3316	0.995	698
9	24	1.857e+10	-4.0857e+07	48856	-1.5466	0.9953	699
10	24	1.6907e+10	-3.5425e+07	48436	-1.9898	0.99611	700
11	24	3.7924e+10	-4.1695e+07	48577	-1.1266	0.99798	701
12	24	2.3258e+10	-1.7336e+07	44058	-1.0182	0.9987	702
13	24	1.4631e+10	-5.8456e+06	48341	-1.4344	0.99822	703
14	24	1.2945e+10	2.9537e+06	37093	-0.82391	0.99888	704
15	24	1.1725e+10	5.6117e+06	29583	-0.63436	0.99955	705
16	24	2.526e+10	-2.8275e+07	42160	-0.96101	0.99843	706
17	24	2.2575e+10	-2.5302e+07	45615	-1.0995	0.99749	707
18	24	1.8605e+10	-1.3471e+07	39043	-0.89806	0.99848	708
19	24	2.3434e+10	-2.1253e+07	43310	-0.8032	0.99856	709
20	24	1.6184e+10	-7.7304e+06	47688	-0.81027	0.99809	710
21	24	2.1388e+10	-4.1265e+07	42508	-0.90373	0.99673	711
22	24	1.367e+10	-1.8854e+07	31300	-0.80309	0.99819	712
23	24	1.4276e+10	-2.6334e+07	44620	-1.2153	0.99834	713
24	24	1.2468e+10	-1.8581e+07	38927	-1.1839	0.99798	714
25	24	1.2424e+10	-2.0475e+07	43365	-1.4006	0.99757	715
26	24	1.1683e+10	-1.6143e+07	36180	-1.0986	0.99863	716
27	24	1.3299e+10	-2.1997e+07	41955	-1.5728	0.99762	717
28	24	1.9899e+10	-5.1051e+07	73034	-2.8831	0.99758	718
29	24	8.3733e+09	6.9458e+06	-506.56	-0.010199	0.99804	719
30	24	2.3824e+10	-5.5389e+07	67776	-0.50978	0.99945	720
1	25	2.1804e+10	-1.5607e+07	36776	-0.48546	0.99875	721
2	25	1.7161e+10	-1.2907e+07	42136	-1.1436	0.99755	722
3	25	1.5881e+10	-1.4242e+07	43583	-1.2357	0.9986	723
4	25	1.3136e+10	-1.0705e+07	42481	-1.1871	0.99844	724
5	25	1.3752e+10	-7.771e+06	37553	-0.90001	0.99824	725
6	25	1.255e+10	-1.2833e+07	41073	-1.011	0.99875	726
7	25	7.9931e+09	-3.0885e+06	33264	-0.74808	0.99914	727
8	25	1.2095e+10	-2.2383e+07	48792	-1.9506	0.99651	728
9	25	1.5931e+10	-3.1702e+07	42829	-1.3749	0.99673	729
10	25	1.8597e+10	-4.1825e+07	50785	-2.0914	0.99733	730
11	25	2.9155e+10	-2.7682e+07	41126	-0.95301	0.99804	731
12	25	1.8313e+10	-1.1408e+07	40731	-0.94081	0.99819	732
13	25	1.3678e+10	-1.8184e+06	30169	-0.6698	0.99873	733
14	25	1.6171e+10	-8.407e+06	32312	-0.62108	0.99843	734
15	25	7.7445e+09	7.736e+06	28343	-0.61957	0.99928	735
16	25	1.8464e+10	-1.8906e+07	36391	-0.82369	0.99841	736
17	25	2.2061e+10	-2.7264e+07	37313	-0.63725	0.99865	737
18	25	1.6602e+10	-1.5337e+07	37741	-0.91863	0.99715	738
19	25	2.327e+10	-2.8379e+07	48177	-0.90119	0.99812	739
20	25	1.2768e+10	-3.4985e+06	47024	-0.98898	0.99639	740
21	25	1.265e+10	-2.0249e+07	38454	-0.99156	0.99808	741
22	25	1.239e+10	-1.8587e+07	31963	-0.71612	0.99878	742
23	25	1.2207e+10	-2.0405e+07	35873	-1.0399	0.99871	743
24	25	1.2848e+10	-2.4176e+07	42258	-1.1577	0.99833	744
25	25	1.4476e+10	-2.8378e+07	40183	-1.3684	0.99613	745
26	25	1.41e+10	-2.7796e+07	39156	-1.1969	0.99817	746
27	25	1.3909e+10	-2.7095e+07	40747	-1.3844	0.99717	747
28	25	1.4384e+10	-3.2726e+07	55310	-2.0612	0.99732	748
29	25	1.0285e+10	-1.3106e+07	33285	-1.2333	0.99791	749
30	25	1.4101e+10	-1.9816e+07	35403	-0.43316	0.9987	750
1	26	1.7426e+10	-1.3156e+07	31244	-0.48335	0.99877	751
2	26	1.4423e+10	-1.0434e+07	30123	-0.6014	0.99873	752
3	26	1.7198e+10	-2.3014e+07	40556	-1.0495	0.99841	753
4	26	9.7145e+09	-6.6538e+06	45013	-1.3224	0.99841	754
5	26	1.1543e+10	-5.4525e+06	38093	-0.95905	0.99815	755
6	26	1.2166e+10	-1.4826e+07	39462	-1.0184	0.99819	756
7	26	9.2185e+09	-8.982e+06	31034	-0.64962	0.99938	757
8	26	1.1751e+10	-1.9542e+07	38520	-1.3458	0.99727	758
9	26	1.2583e+10	-2.2709e+07	39295	-1.4102	0.99654	759
10	26	1.3358e+10	-2.4078e+07	40249	-1.2568	0.99875	760
11	26	2.568e+10	-3.2137e+07	45377	-1.1595	0.99728	761
12	26	1.7933e+10	-1.6771e+07	38086	-0.87382	0.99863	762
13	26	1.1546e+10	-3.1541e+06	30731	-0.86034	0.9988	763
14	26	1.2565e+10	-1.004e+07	40409	-1.3379	0.99847	764
15	26	9.7822e+09	-3.827e+06	32733	-0.89548	0.99939	765
16	26	1.3772e+10	-1.7663e+07	42160	-1.3528	0.99809	766
17	26	1.7542e+10	-2.6768e+07	40622	-1.0295	0.99656	767
18	26	1.762e+10	-2.8155e+07	40478	-0.96704	0.99735	768
19	26	2.1402e+10	-3.6659e+07	48720	-1.129	0.99604	769
20	26	9.2465e+09	-5.6376e+05	39267	-0.93226	0.99516	770
21	26	1.0879e+10	-1.74e+07	35200	-0.99488	0.99782	771
22	26	1.1817e+10	-2.1623e+07	34458	-0.84803	0.99798	772
23	26	1.3155e+10	-2.8121e+07	37153	-1.149	0.99612	773
24	26	1.3193e+10	-2.9601e+07	40772	-1.341	0.9975	774
25	26	1.1322e+10	-2.4578e+07	38722	-1.7197	0.99722	775
26	26	1.4219e+10	-3.4885e+07	44895	-2.0038	0.99517	776
27	26	1.264e+10	-2.9476e+07	44195	-1.8952	0.99794	777
28	26	7.1416e+09	-4.4675e+06	20730	-0.73017	0.99737	778
29	26	1.3169e+10	-3.2011e+07	56685	-2.2387	0.99785	779
30	26	1.1852e+10	-1.6749e+07	34372	-0.52391	0.99836	780
1	27	1.347e+10	3.8509e+06	29865	-0.48392	0.99895	781
2	27	1.4164e+10	-1.2567e+07	52343	-1.3	0.99856	782
3	27	1.2351e+10	-1.1586e+07	51896	-1.4453	0.99857	783
4	27	7.818e+09	6.3763e+05	41478	-0.96591	0.9989	784
5	27	1.0112e+10	-2.126e+06	40499	-0.93571	0.99853	785
6	27	9.8615e+09	-9.143e+06	44387	-1.2304	0.99857	786
7	27	5.0955e+09	1.6887e+06	33199	-0.69934	0.99922	787
8	27	1.0889e+10	-1.7736e+07	36944	-1.2372	0.9957	788
9	27	1.5603e+10	-3.447e+07	44023	-1.3971	0.99592	789
10	27	1.2414e+10	-2.7088e+07	47887	-1.4021	0.99771	790
11	27	1.5955e+10	-1.7278e+07	42790	-1.2561	0.99813	791
12	27	1.2229e+10	-8.8123e+06	32953	-0.69009	0.99887	792
13	27	1.064e+10	-9.1412e+06	34872	-1.0474	0.99842	793
14	27	1.1786e+10	-1.231e+07	33407	-0.87419	0.99827	794
15	27	6.9646e+09	-1.734e+06	28298	-0.72332	0.99919	795
16	27	1.4107e+10	-2.38e+07	36745	-1.0149	0.99699	796
17	27	1.319e+10	-2.2775e+07	35539	-0.95948	0.99685	797
18	27	1.4958e+10	-3.0027e+07	39993	-1.1276	0.99711	798
19	27	1.8976e+10	-4.0334e+07	48466	-1.2272	0.99573	799
20	27	7.5852e+09	-2.6575e+06	38446	-1.0302	0.99483	800
21	27	9.8408e+09	-1.7187e+07	31706	-0.99065	0.99855	801
22	27	1.0549e+10	-2.161e+07	32675	-0.88766	0.99662	802
23	27	1.1179e+10	-2.8675e+07	41698	-1.7092	0.99659	803
24	27	1.1913e+10	-2.9731e+07	37916	-1.4816	0.9969	804
25	27	1.1917e+10	-3.0571e+07	40496	-1.9157	0.99756	805
26	27	1.0573e+10	-2.6884e+07	42444	-2.3926	0.99619	806
27	27	1.3146e+10	-3.5461e+07	48462	-2.2809	0.99558	807
28	27	7.9881e+09	-4.7925e+06	6802	-0.06554	0.99741	808
29	27	1.3868e+10	-4.0051e+07	66733	-2.2863	0.9984	809
30	27	8.4734e+09	-8.4496e+06	27760	-0.20856	0.99965	810
1	28	1.2062e+10	1.9554e+06	25040	-0.40707	0.99876	811
2	28	1.2281e+10	-1.1275e+07	44704	-1.226	0.99818	812
3	28	1.1041e+10	-1.3174e+07	51340	-1.7307	0.99823	813
4	28	7.6919e+09	-1.4496e+06	34998	-0.94564	0.99828	814
5	28	1.0267e+10	-9.3367e+06	43993	-1.2109	0.99721	815
6	28	6.0831e+09	1.719e+06	37222	-0.93927	0.99897	816
7	28	5.635e+09	-1.1568e+06	37328	-0.77901	0.99937	817
8	28	8.1917e+09	-1.4012e+07	46304	-1.6791	0.99693	818
9	28	8.7413e+09	-1.258e+07	31214	-0.82348	0.99861	819
10	28	1.0317e+10	-2.2311e+07	45763	-1.3743	0.99852	820
11	28	1.2915e+10	-1.4744e+07	42645	-1.3651	0.99775	821
12	28	8.6322e+09	-4.3376e+06	29990	-0.73976	0.99779	822
13	28	1.0849e+10	-1.7603e+07	38938	-1.4108	0.99694	823
14	28	1.3311e+10	-2.6268e+07	37120	-1.0605	0.99809	824
15	28	8.1174e+09	-1.2901e+07	30387	-0.84754	0.99826	825
16	28	1.0023e+10	-1.9628e+07	36115	-1.2808	0.99675	826
17	28	1.0329e+10	-1.9341e+07	35987	-1.0871	0.99801	827
18	28	1.0781e+10	-2.0743e+07	38199	-1.2371	0.99678	828
19	28	1.1749e+10	-2.2814e+07	39673	-1.1689	0.99734	829
20	28	6.7816e+09	-2.1944e+06	32615	-0.86609	0.99629	830
21	28	9.5792e+09	-1.8508e+07	34507	-0.95044	0.99744	831
22	28	1.2549e+10	-2.9848e+07	38958	-1.0523	0.99734	832
23	28	1.0076e+10	-2.098e+07	36537	-1.2134	0.99826	833
24	28	1.0699e+10	-2.302e+07	41214	-1.4352	0.99735	834
25	28	1.1223e+10	-2.4605e+07	35580	-1.2504	0.99622	835
26	28	1.0386e+10	-2.3417e+07	39336	-1.911	0.99665	836
27	28	1.1887e+10	-3.0817e+07	49431	-1.9966	0.99814	837
28	28	2.423e+09	1.646e+07	-8151.4	-0.15152	0.99608	838
29	28	1.3295e+10	-4.195e+07	71523	-1.8749	0.99823	839
30	28	1.2342e+10	-2.8159e+07	43471	-0.93778	0.99761	840
1	29	8.2462e+09	5.035e+06	22119	-0.48486	0.99886	841
2	29	1.1251e+10	-1.6131e+07	47302	-1.6186	0.99731	842
3	29	9.2504e+09	-1.0042e+07	41696	-1.6449	0.9984	843
4	29	7.4415e+09	-7.5688e+06	38290	-1.4251	0.99685	844
5	29	9.6243e+09	-1.4677e+07	41625	-1.407	0.99723	845
6	29	6.8087e+09	-4.0832e+06	38547	-1.2061	0.99845	846
7	29	5.4577e+09	-3.3809e+06	37382	-0.77427	0.99928	847
8	29	7.2438e+09	-1.1064e+07	42632	-1.3385	0.99756	848
9	29	8.1192e+09	-1.3474e+07	38760	-1.2152	0.99812	849
10	29	8.8237e+09	-1.7742e+07	47413	-1.2858	0.99857	850
11	29	1.1693e+10	-1.9106e+07	41750	-1.7479	0.99587	851
12	29	8.1912e+09	-1.1e+07	33402	-1.1105	0.99795	852
13	29	9.142e+09	-1.752e+07	35476	-1.4021	0.99698	853
14	29	8.4683e+09	-1.5756e+07	32968	-1.0413	0.99883	854
15	29	6.8305e+09	-1.1425e+07	29330	-0.91608	0.999	855
16	29	9.0614e+09	-1.9883e+07	34830	-1.1543	0.99618	856
17	29	9.9341e+09	-2.5615e+07	38593	-1.2733	0.99686	857
18	29	8.0323e+09	-1.5808e+07	37538	-1.3043	0.99474	858
19	29	8.2653e+09	-1.2947e+07	36414	-0.92468	0.99786	859
20	29	5.1985e+09	3.9867e+05	35040	-0.95843	0.99662	860
21	29	9.7605e+09	-2.6882e+07	38954	-1.317	0.99446	861
22	29	8.5611e+09	-2.3415e+07	38662	-1.6581	0.9959	862
23	29	8.7258e+09	-2.2328e+07	36589	-1.8602	0.99613	863
24	29	8.8633e+09	-2.1685e+07	38182	-1.7512	0.997	864
25	29	8.3891e+09	-1.8089e+07	34877	-1.4445	0.99638	865
26	29	7.6085e+09	-1.612e+07	38049	-1.9147	0.9973	866
27	29	1.0078e+10	-2.5661e+07	47000	-1.8037	0.99833	867
28	29	3.6679e+09	7.756e+06	6264.7	-0.30517	0.99748	868
29	29	1.1969e+10	-3.6618e+07	67422	-2.007	0.99806	869
30	29	8.3127e+09	-1.9856e+07	54554	-0.98332	0.99848	870
1	30	6.4186e+09	6.2176e+06	24144	-0.52718	0.99939	871
2	30	1.0463e+10	-1.9225e+07	49477	-1.7572	0.99718	872
3	30	1.112e+10	-1.8688e+07	37969	-1.5383	0.99703	873
4	30	8.7869e+09	-1.4006e+07	41357	-1.613	0.99737	874
5	30	6.9849e+09	-6.9687e+06	39023	-1.2488	0.99785	875
6	30	6.5877e+09	-6.5662e+06	39325	-1.1509	0.99867	876
7	30	5.4334e+09	-5.9674e+06	40091	-1.0586	0.99904	877
8	30	7.8437e+09	-1.3334e+07	42771	-1.2044	0.99815	878
9	30	7.2107e+09	-9.3772e+06	36449	-1.0811	0.99785	879
10	30	8.0598e+09	-1.673e+07	57976	-0.80873	0.99937	880
11	30	9.2042e+09	-1.4424e+07	37440	-1.2363	0.99738	881
12	30	6.4701e+09	-7.6448e+06	30578	-0.87035	0.99817	882
13	30	7.8442e+09	-1.6215e+07	35835	-1.2693	0.99715	883
14	30	7.6243e+09	-1.5779e+07	34444	-1.0963	0.99753	884
15	30	5.3337e+09	-8.7176e+06	30306	-0.93357	0.99814	885
16	30	6.3561e+09	-1.2671e+07	29807	-0.85894	0.99786	886
17	30	5.8509e+09	-1.1745e+07	30753	-0.9789	0.99771	887
18	30	5.8782e+09	-1.2452e+07	33648	-1.1059	0.99754	888
19	30	6.068e+09	-1.3249e+07	38035	-1.3118	0.99754	889
20	30	4.1752e+09	-3.4839e+06	39600	-1.2645	0.9966	890
21	30	6.9646e+09	-1.6706e+07	33722	-1.398	0.99576	891
22	30	6.645e+09	-1.7001e+07	35036	-1.977	0.99689	892
23	30	6.5503e+09	-1.5948e+07	31884	-2.2756	0.99803	893
24	30	7.3388e+09	-1.8269e+07	36452	-2.1618	0.9976	894
25	30	6.9735e+09	-1.4204e+07	39368	-1.8233	0.99797	895
26	30	6.3117e+09	-1.452e+07	43869	-2.1028	0.99728	896
27	30	8.4025e+09	-2.5011e+07	55010	-1.9246	0.99787	897
28	30	5.2559e+09	-4.3184e+06	14501	-0.36245	0.99676	898
29	30	6.0396e+09	-1.6561e+07	44877	-1.5258	0.99842	899
30	30	9.839e+09	-3.0932e+07	73470	-0.98781	0.99898	900
1	31	9.6675e+09	-6.4775e+06	26453	-0.47481	0.99806	901
2	31	9.8181e+09	-1.7131e+07	55531	-1.4932	0.9987	902
3	31	4.6682e+09	2.9203e+06	35378	-1.3888	0.99916	903
4	31	7.0823e+09	-8.4516e+06	40204	-1.7777	0.99723	904
5	31	8.0616e+09	-1.339e+07	38326	-1.6409	0.99656	905
6	31	7.3786e+09	-1.0134e+07	39869	-1.3368	0.99784	906
7	31	5.1968e+09	-3.495e+06	35293	-0.8469	0.99859	907
8	31	5.8143e+09	-7.6442e+06	40280	-1.0867	0.99856	908
9	31	6.5171e+09	-8.8557e+06	37562	-1.2914	0.99746	909
10	31	8.2599e+09	-1.7517e+07	54851	-0.56599	0.99929	910
11	31	8.1498e+09	-1.1359e+07	47072	-1.5024	0.99824	911
12	31	3.9788e+09	-6.7389e+05	35766	-1.0522	0.99826	912
13	31	6.1809e+09	-1.1992e+07	39749	-1.4873	0.9977	913
14	31	5.6891e+09	-1.0367e+07	32898	-1.1293	0.99847	914
15	31	4.8092e+09	-9.6163e+06	30558	-0.96571	0.99849	915
16	31	5.1076e+09	-1.0882e+07	32714	-1.1383	0.99757	916
17	31	5.1709e+09	-1.148e+07	35053	-1.2885	0.99685	917
18	31	5.2719e+09	-1.078e+07	38928	-1.4502	0.99684	918
19	31	4.3335e+09	-6.5422e+06	41139	-1.2427	0.99816	919
20	31	4.4223e+09	-4.4002e+06	47849	-1.4202	0.99705	920
21	31	5.1572e+09	-1.1141e+07	30225	-1.0876	0.99875	921
22	31	5.5421e+09	-1.6264e+07	34719	-1.9026	0.99489	922
23	31	5.1532e+09	-1.5112e+07	31710	-1.7139	0.99297	923
24	31	5.834e+09	-1.6305e+07	36699	-1.6528	0.99649	924
25	31	5.6359e+09	-1.2996e+07	36517	-1.3446	0.99733	925
26	31	5.4042e+09	-1.19e+07	37998	-1.508	0.99721	926
27	31	7.6663e+09	-2.4347e+07	60009	-1.6333	0.99833	927
28	31	5.2924e+09	-8.6039e+06	19457	-0.42662	0.99751	928
29	31	5.3156e+09	-1.516e+07	46307	-1.3714	0.99908	929
30	31	8.1325e+09	-2.6004e+07	69461	-0.15323	0.99918	930
1	32	1.0602e+10	1.3093e+06	24080	-0.60644	0.99861	931
2	32	1.1253e+10	-1.7172e+07	66027	-2.1369	0.99862	932
3	32	7.3492e+09	-3.0052e+06	44780	-1.9369	0.99859	933
4	32	9.8687e+09	-1.3734e+07	54975	-2.0353	0.99772	934
5	32	9.552e+09	-1.1605e+07	53170	-1.8627	0.99775	935
6	32	8.2352e+09	-9.8254e+06	59762	-1.9953	0.99808	936
7	32	5.42e+09	5.408e+05	45517	-1.3692	0.99899	937
8	32	8.2051e+09	-1.2859e+07	59594	-2.0477	0.99846	938
9	32	9.5994e+09	-1.646e+07	55293	-1.9043	0.99801	939
10	32	1.2365e+10	-2.6713e+07	79417	-2.1714	0.99907	940
11	32	5.1909e+09	-2.9503e+06	52670	-1.8869	0.99845	941
12	32	3.3575e+09	-1.5449e+06	47746	-1.4835	0.99876	942
13	32	5.6422e+09	-1.1132e+07	47021	-1.7193	0.99832	943
14	32	4.2885e+09	-6.9088e+06	36183	-1.2227	0.99891	944
15	32	4.5928e+09	-1.2592e+07	39366	-1.6353	0.99776	945
16	32	3.8157e+09	-8.4281e+06	36767	-1.4402	0.99855	946
17	32	3.6862e+09	-5.5475e+06	36913	-1.2683	0.99813	947
18	32	3.8851e+09	-3.4894e+06	46901	-1.6494	0.99783	948
19	32	4.4402e+09	-2.719e+06	50222	-1.6619	0.99853	949
20	32	6.7459e+09	-6.9111e+06	66236	-2.1135	0.99787	950
21	32	4.4173e+09	-7.0772e+06	41488	-1.6656	0.99847	951
22	32	4.4559e+09	-9.3313e+06	40720	-1.8261	0.99803	952
23	32	4.2148e+09	-9.3761e+06	37392	-1.5068	0.99842	953
24	32	4.3502e+09	-9.3132e+06	36009	-1.4261	0.99807	954
25	32	4.8674e+09	-9.0091e+06	43966	-1.4917	0.99855	955
26	32	3.9303e+09	-5.2336e+06	35772	-1.2557	0.99914	956
27	32	7.5923e+09	-2.3691e+07	64784	0.42628	0.99962	957
28	32	7.3517e+09	-2.0811e+07	65078	-1.1675	0.999	958
29	32	5.9516e+09	-1.4431e+07	54807	-0.75808	0.99924	959
30	32	1.0192e+10	-2.8742e+07	84198	-0.60607	0.99929	960
