1	1	1.3511e+12	-6.8717e+08	1.9391e+05	-2.7662	0.99672	1
2	1	-1.6747e+11	4.307e+08	-90262	1.2233	0.9995	2
3	1	3.3633e+10	1.0888e+08	37146	-0.51459	0.99877	3
4	1	5.8383e+10	5.2381e+07	60885	-0.75151	0.99865	4
5	1	2.4234e+09	1.1745e+08	36201	-0.4359	0.9997	5
6	1	-7.4717e+09	1.2703e+08	35846	-0.57336	0.99944	6
7	1	7.1431e+10	7.1747e+06	76596	-1.0949	0.99948	7
8	1	9.024e+10	-2.6912e+07	95087	-1.147	0.99947	8
9	1	9.0463e+10	-1.9584e+07	92903	-0.88726	0.9996	9
10	1	2.3756e+10	7.4844e+07	75230	-0.96529	0.99918	10
11	1	1.4541e+10	1.1064e+08	34005	-1.1972	0.99948	11
12	1	4.7917e+10	6.147e+07	43049	-0.74108	0.99932	12
13	1	2.6677e+10	7.581e+07	42606	-0.42965	0.9997	13
14	1	6.6309e+10	1.2071e+07	58418	-0.74276	0.99911	14
15	1	5.1231e+10	5.2617e+07	36186	-0.37995	0.99963	15
16	1	4.2668e+10	7.7609e+07	24223	-0.24346	0.99948	16
17	1	1.7115e+10	1.2076e+08	6877.7	-0.11072	0.99946	17
18	1	1.3124e+10	1.409e+08	-1870.6	0.094136	0.99948	18
19	1	1.1894e+09	1.6509e+08	-16757	0.31063	0.99923	19
20	1	4.7471e+10	9.4975e+07	12680	-0.12921	0.99957	20
21	1	-7.0735e+09	1.5295e+08	9737.1	-0.11476	0.99959	21
22	1	4.6813e+10	6.0829e+07	40760	-0.64314	0.99955	22
23	1	5.9792e+10	4.5433e+07	47471	-0.8408	0.99958	23
24	1	2.7816e+10	8.845e+07	36587	-0.60026	0.99975	24
25	1	5.6808e+10	4.0655e+07	53646	-0.56992	0.99974	25
26	1	6.6392e+10	2.1141e+07	63757	-0.95509	0.99951	26
27	1	6.3073e+10	1.2916e+07	75330	-1.1215	0.99949	27
28	1	7.0014e+10	1.4351e+06	82712	-1.116	0.99961	28
29	1	6.9348e+10	7.078e+06	83540	-1.0341	0.99963	29
30	1	8.2556e+10	-7.4671e+06	92542	-0.89834	0.99967	30
1	2	1.5725e+11	4.9114e+07	31629	-0.40326	0.99882	31
2	2	3.8506e+10	1.3956e+08	3156.6	0.047916	0.99945	32
3	2	3.6771e+10	1.5407e+08	-11949	0.2293	0.99856	33
4	2	1.92e+10	1.5289e+08	-6969.2	-0.014475	0.99866	34
5	2	1.8875e+10	1.0686e+08	22447	-0.19322	0.99941	35
6	2	-5.3656e+09	1.4221e+08	10023	-0.21706	0.99953	36
7	2	7.9617e+10	1.7614e+07	48106	-0.48615	0.99959	37
8	2	9.7619e+10	-1.8186e+07	69614	-0.87592	0.99933	38
9	2	7.2028e+10	3.1395e+07	51631	-0.51523	0.99936	39
10	2	4.3116e+10	6.3191e+07	63237	-0.71065	0.99914	40
11	2	1.9322e+10	1.2836e+08	4413.3	-0.031369	0.99892	41
12	2	5.7942e+10	6.5672e+07	21822	-0.34742	0.99883	42
13	2	3.2511e+10	8.3947e+07	22238	-0.33006	0.99954	43
14	2	8.3239e+10	-1.0637e+07	55415	-1.0253	0.9992	44
15	2	1.0304e+11	-2.6536e+07	55572	-0.55382	0.99955	45
16	2	8.8732e+10	7.8063e+06	40564	-0.29776	0.99911	46
17	2	7.412e+10	3.7033e+07	26900	-0.19415	0.99934	47
18	2	7.4203e+10	5.4758e+07	17570	0.11278	0.99833	48
19	2	6.1337e+10	8.8993e+07	-7300.5	0.36235	0.99788	49
20	2	3.5462e+10	1.5512e+08	-40336	0.31143	0.99949	50
21	2	2.8766e+10	1.0989e+08	11071	0.030174	0.99925	51
22	2	5.4051e+10	6.1147e+07	25335	-0.37835	0.99908	52
23	2	6.6377e+10	4.3072e+07	34643	-0.51054	0.99975	53
24	2	6.8939e+10	3.1527e+07	45489	-0.49741	0.99977	54
25	2	7.4593e+10	1.9757e+07	48407	-0.52002	0.99957	55
26	2	7.7651e+10	1.4323e+07	51078	-0.84842	0.99963	56
27	2	4.8142e+10	4.9553e+07	44709	-0.78414	0.99943	57
28	2	7.4295e+10	5.9368e+06	65038	-1.0122	0.99955	58
29	2	7.2825e+10	1.4715e+07	64327	-0.90899	0.99963	59
30	2	8.7008e+10	3.4218e+06	71621	-0.75135	0.99966	60
1	3	5.4149e+10	1.5296e+08	-17069	0.25064	0.99894	61
2	3	7.4061e+10	8.8525e+07	8426.6	-0.11487	0.99909	62
3	3	6.6352e+10	1.3197e+08	-29639	0.79753	0.99826	63
4	3	5.8329e+10	1.1222e+08	-14831	0.24952	0.99858	64
5	3	-2.4005e+10	1.9847e+08	-36423	0.206	0.99947	65
6	3	3.654e+10	7.3532e+07	27733	-0.38921	0.99955	66
7	3	1.1761e+11	-5.2735e+07	70142	-0.79693	0.99947	67
8	3	1.0263e+11	-3.501e+07	69814	-0.68737	0.99946	68
9	3	8.3576e+10	2.0146e+07	40673	-0.38585	0.99916	69
10	3	3.8642e+10	8.5552e+07	35570	-0.41149	0.99926	70
11	3	3.4882e+10	1.1262e+08	-5486.1	0.13832	0.99886	71
12	3	9.0655e+10	1.7884e+07	26842	-0.35561	0.99881	72
13	3	4.5679e+10	6.7842e+07	15279	-0.054989	0.99925	73
14	3	6.5723e+10	2.3981e+07	28097	-0.50427	0.99883	74
15	3	8.2e+10	1.186e+07	27562	-0.46497	0.99947	75
16	3	9.4711e+10	32756	32224	-0.27906	0.99931	76
17	3	9.5147e+10	2.7748e+05	33044	-0.20268	0.99943	77
18	3	1.106e+11	-1.1352e+07	37833	-0.18272	0.99882	78
19	3	1.2527e+11	-3.1511e+07	40410	-0.061246	0.99844	79
20	3	9.2441e+10	3.6892e+07	10390	0.031882	0.99865	80
21	3	2.4041e+10	1.0389e+08	13463	-0.27423	0.99939	81
22	3	6.481e+10	2.7288e+07	40289	-0.72759	0.99922	82
23	3	1.1156e+11	-4.8043e+07	72312	-0.97627	0.99975	83
24	3	7.2359e+10	1.6712e+07	47848	-0.50755	0.99977	84
25	3	6.9476e+10	2.5966e+07	38448	-0.46961	0.99955	85
26	3	9.2126e+10	-1.4226e+07	56096	-0.73964	0.9998	86
27	3	5.8854e+10	3.069e+07	43492	-0.56686	0.99957	87
28	3	7.9023e+10	-1.9001e+06	58579	-0.8855	0.9995	88
29	3	8.8866e+10	-1.0886e+07	64956	-1.0269	0.99973	89
30	3	9.1139e+10	-2.9586e+06	64183	-0.7121	0.99968	90
1	4	2.9645e+10	2.3513e+08	-85004	0.94782	0.99785	91
2	4	1.0663e+11	5.3941e+07	3166.1	0.11634	0.99838	92
3	4	8.44e+10	8.7692e+07	-13590	0.48317	0.99774	93
4	4	5.5493e+10	1.1266e+08	-20194	0.65747	0.99863	94
5	4	-8.1358e+09	1.6024e+08	-19552	0.44577	0.99951	95
6	4	5.5097e+10	3.1475e+07	46504	-0.56004	0.99961	96
7	4	7.9015e+10	3.527e+06	46227	-0.64073	0.99925	97
8	4	9.5888e+10	-3.1028e+07	66504	-0.71363	0.99923	98
9	4	7.96e+10	1.9831e+07	38630	-0.39455	0.99963	99
10	4	1.2158e+10	1.2694e+08	14291	-0.2466	0.99952	100
11	4	2.4761e+08	1.6477e+08	-25168	0.48386	0.99851	101
12	4	4.6231e+10	8.0739e+07	5860.9	0.070647	0.99796	102
13	4	4.1475e+10	6e+07	25504	-0.065109	0.99869	103
14	4	6.9402e+10	1.3064e+05	48060	-0.81117	0.99921	104
15	4	8.3077e+10	-9.1353e+06	47176	-0.58332	0.99961	105
16	4	6.6683e+10	3.1152e+07	28386	-0.22304	0.99905	106
17	4	5.4581e+10	5.4861e+07	18172	-0.089552	0.99941	107
18	4	3.6552e+10	9.5729e+07	2694.5	0.22243	0.99807	108
19	4	6.5418e+10	4.7013e+07	20052	0.12822	0.99813	109
20	4	9.3526e+10	3.401e+06	40826	0.077813	0.99798	110
21	4	-5.9501e+10	2.6739e+08	-74342	0.93919	0.99935	111
22	4	3.8875e+10	8.241e+07	3431	0.023781	0.99929	112
23	4	9.0972e+10	-1.169e+07	49207	-0.50245	0.9993	113
24	4	7.1763e+10	1.4938e+07	43652	-0.41263	0.99934	114
25	4	8.8993e+10	-1.5248e+07	53735	-0.46668	0.99908	115
26	4	8.8284e+10	-1.5311e+07	54336	-0.55279	0.99959	116
27	4	6.3158e+10	2.0781e+07	43511	-0.46783	0.99959	117
28	4	3.2893e+10	7.6307e+07	20752	-0.3515	0.99959	118
29	4	7.3253e+10	8.75e+06	54492	-0.59261	0.99985	119
30	4	1.0383e+11	-3.4474e+07	76361	-0.64359	0.99973	120
1	5	3.2898e+10	1.5206e+08	-13245	0.21921	0.99892	121
2	5	5.7753e+10	8.1983e+07	19173	0.0441	0.99841	122
3	5	7.8913e+10	6.2328e+07	15314	0.043483	0.99779	123
4	5	2.8181e+10	1.3475e+08	-17277	0.51402	0.99819	124
5	5	-2.3239e+09	1.2883e+08	5019.3	-0.29722	0.99932	125
6	5	1.8693e+10	8.1283e+07	31667	-0.82991	0.99937	126
7	5	9.9223e+10	-4.9678e+07	77095	-0.83202	0.99934	127
8	5	8.7744e+10	-2.687e+07	67522	-0.49633	0.99923	128
9	5	8.9502e+10	-5.4863e+06	50444	-0.38646	0.99963	129
10	5	5.9621e+08	1.4414e+08	4816.6	-0.14971	0.99953	130
11	5	1.2877e+10	1.5885e+08	-43704	0.91835	0.99746	131
12	5	4.6087e+10	9.4038e+07	-19339	0.50628	0.9971	132
13	5	3.812e+10	7.7279e+07	777.33	0.17623	0.99866	133
14	5	8.1972e+10	-1.5794e+07	41464	-1.2164	0.99915	134
15	5	9.4667e+10	-2.8136e+07	43810	-1.0133	0.99926	135
16	5	8.3141e+10	4.0453e+06	28142	-0.38221	0.99873	136
17	5	7.0792e+10	2.8734e+07	17379	-0.18039	0.99899	137
18	5	5.4488e+10	7.161e+07	-1788.1	0.2142	0.99824	138
19	5	7.3907e+10	4.1877e+07	6047.2	0.15741	0.99763	139
20	5	8.1946e+10	3.2302e+07	12330	0.086417	0.99842	140
21	5	1.3196e+10	1.3777e+08	-24061	0.3666	0.99887	141
22	5	6.6795e+10	2.9716e+07	20626	-0.057993	0.99874	142
23	5	6.51e+10	3.9966e+07	15805	-0.16803	0.99961	143
24	5	3.6741e+10	8.1774e+07	4289.1	0.076839	0.99937	144
25	5	5.297e+10	5.1002e+07	16577	-0.096722	0.99938	145
26	5	8.1566e+10	-7.1317e+06	46586	-0.38107	0.99943	146
27	5	6.8697e+10	3.2809e+05	53613	-0.56815	0.99947	147
28	5	7.8508e+10	-2.2494e+07	68967	-0.5962	0.99964	148
29	5	7.701e+10	-9.635e+06	64464	-0.58349	0.99976	149
30	5	6.5568e+10	2.0936e+07	54297	-0.5495	0.99949	150
1	6	9.9252e+10	3.4452e+07	28796	-0.24173	0.99866	151
2	6	3.5572e+10	1.2406e+08	-11439	0.31036	0.9984	152
3	6	8.7282e+10	3.8771e+07	19342	-0.091511	0.99795	153
4	6	6.9836e+10	4.5431e+07	20559	-0.25409	0.9984	154
5	6	7.7289e+09	1.1492e+08	-367.42	-0.10359	0.99966	155
6	6	6.3628e+10	-3.0768e+05	61010	-2.7033	0.9995	156
7	6	8.1546e+10	-2.1577e+07	58273	-2.2666	0.99941	157
8	6	9.9605e+10	-5.3164e+07	72249	-1.01	0.99941	158
9	6	9.7684e+10	-2.6245e+07	52216	-0.6465	0.99971	159
10	6	4.4056e+10	7.1809e+07	23452	-0.25607	0.99948	160
11	6	8.6652e+10	2.9867e+07	-1865.5	0.1395	0.99775	161
12	6	9.7032e+10	3.882e+05	8927.2	-0.10556	0.99797	162
13	6	5.6607e+10	4.7594e+07	-1186.6	0.13351	0.99912	163
14	6	7.4644e+10	-4.1766e+06	23801	-0.55871	0.99916	164
15	6	1.1305e+11	-6.5975e+07	50053	-1.3094	0.99973	165
16	6	1.1966e+11	-6.7444e+07	50525	-1.5166	0.9988	166
17	6	9.9323e+10	-2.9198e+07	33108	-0.51573	0.99925	167
18	6	8.889e+10	1.0149e+07	11699	0.00484	0.99841	168
19	6	9.5361e+10	9.4296e+06	2729.6	0.086082	0.99836	169
20	6	1.3703e+11	-6.1277e+07	36318	-0.17457	0.99887	170
21	6	1.1789e+10	1.3885e+08	-29417	0.44393	0.99911	171
22	6	6.8023e+10	2.3253e+07	20576	-0.14406	0.99919	172
23	6	6.4802e+10	3.0932e+07	19438	-0.22589	0.99951	173
24	6	5.6332e+10	3.8624e+07	23789	-0.30683	0.99969	174
25	6	7.3842e+10	-1.2841e+06	43502	-0.46341	0.99963	175
26	6	9.6798e+10	-4.8939e+07	68709	-0.84372	0.99949	176
27	6	7.3655e+10	-2.2522e+07	67859	-1.0135	0.99943	177
28	6	7.205e+10	-2.2868e+07	72289	-1.0848	0.99939	178
29	6	8.3941e+10	-3.5291e+07	79401	-1.105	0.99972	179
30	6	6.3261e+10	8.5905e+06	64325	-1.0187	0.9995	180
1	7	1.0089e+11	1.8901e+07	35903	-0.22696	0.9989	181
2	7	6.9485e+10	5.6048e+07	18500	-0.029998	0.99887	182
3	7	1.0302e+11	1.0957e+07	27445	-0.10751	0.99901	183
4	7	7.4096e+10	2.9827e+07	27110	-0.27578	0.99907	184
5	7	1.5005e+10	1.0118e+08	1107.7	-0.0087783	0.99943	185
6	7	4.5383e+10	3.5397e+07	36407	-0.89914	0.99956	186
7	7	8.3384e+10	-1.6427e+07	44281	-1.6275	0.9997	187
8	7	7.6681e+10	-3.8512e+06	39643	-1.1611	0.99951	188
9	7	9.6472e+10	-1.9199e+07	39266	-0.40005	0.99982	189
10	7	5.221e+10	5.4061e+07	25069	-0.16378	0.9997	190
11	7	9.0177e+10	2.6207e+07	-9760.5	0.30257	0.99688	191
12	7	1.0219e+11	-2.4158e+06	-915.37	0.11857	0.99668	192
13	7	6.5687e+10	3.6584e+07	-6041.4	0.19075	0.99902	193
14	7	8.9225e+10	-3.0017e+07	28860	-0.52121	0.99908	194
15	7	1.2486e+11	-8.7964e+07	53546	-0.58755	0.99944	195
16	7	1.1943e+11	-7.015e+07	46927	-0.99658	0.99876	196
17	7	9.3836e+10	-2.0159e+07	24510	-0.3651	0.99929	197
18	7	7.2277e+10	3.3051e+07	-168.36	0.11053	0.99826	198
19	7	1.1863e+11	-5.6054e+07	40020	-0.33364	0.99854	199
20	7	1.6068e+11	-1.262e+08	72752	-0.92474	0.99901	200
21	7	1.2351e+10	1.1087e+08	1231.9	0.070479	0.99918	201
22	7	4.5267e+10	4.6455e+07	24611	-0.22477	0.99858	202
23	7	5.6411e+10	2.8482e+07	34608	-0.4743	0.99956	203
24	7	4.5252e+10	3.9368e+07	37151	-0.40723	0.99969	204
25	7	6.7127e+10	-1.2785e+06	53389	-0.56151	0.99953	205
26	7	7.8266e+10	-2.482e+07	66331	-0.91558	0.99953	206
27	7	5.587e+10	7.7202e+05	63663	-0.75131	0.99942	207
28	7	6.3944e+10	-1.1424e+07	69936	-0.89824	0.99917	208
29	7	6.1912e+10	1.5926e+06	65243	-0.8673	0.99939	209
30	7	5.6697e+10	2.028e+07	59709	-0.86041	0.99964	210
1	8	8.6564e+10	4.1022e+07	19516	-0.32619	0.99879	211
2	8	6.2532e+10	5.2196e+07	22663	-0.65334	0.99887	212
3	8	8.2115e+10	1.7738e+07	34449	-0.65301	0.99907	213
4	8	6.0827e+10	3.2363e+07	32403	-0.72191	0.99924	214
5	8	5.4897e+09	1.0951e+08	-2321.2	-0.016251	0.99962	215
6	8	5.0303e+10	1.3879e+07	48023	-1.3169	0.99945	216
7	8	8.1321e+10	-2.3524e+07	46659	-1.5595	0.99964	217
8	8	8.628e+10	-2.9411e+07	47977	-1.6209	0.99952	218
9	8	1.0571e+11	-4.3326e+07	44883	-0.72622	0.99985	219
10	8	9.0343e+10	-1.3362e+07	44686	-0.17783	0.99974	220
11	8	1.0846e+11	-2.6192e+07	16822	0.021388	0.99718	221
12	8	1.0205e+11	-2.5236e+07	14552	0.0087276	0.99716	222
13	8	5.8553e+10	3.7109e+07	-5584.3	0.16041	0.99913	223
14	8	8.313e+10	-3.1773e+07	30946	-0.37562	0.99911	224
15	8	1.0106e+11	-5.8951e+07	42394	-0.54802	0.99952	225
16	8	1.0682e+11	-6.1751e+07	44518	-0.66296	0.9994	226
17	8	9.3784e+10	-3.9952e+07	37561	-0.22791	0.99948	227
18	8	9.3193e+10	-2.5418e+07	30867	-0.18195	0.9987	228
19	8	1.2264e+11	-8.9775e+07	63658	-0.43785	0.99854	229
20	8	1.5532e+11	-1.5053e+08	96376	-0.76045	0.99868	230
21	8	4.4437e+10	4.5229e+07	25952	-0.21021	0.99894	231
22	8	5.2391e+10	2.7815e+07	27001	-0.36988	0.99914	232
23	8	4.28e+10	5.2786e+07	14246	-0.2654	0.99946	233
24	8	2.9268e+10	7.5251e+07	7928	-0.14073	0.9997	234
25	8	5.2032e+10	2.9835e+07	27736	-0.31901	0.99963	235
26	8	8.7693e+10	-4.1078e+07	63098	-0.90487	0.99958	236
27	8	5.7008e+10	-9.9194e+05	55371	-0.72716	0.9994	237
28	8	5.3536e+10	5.7241e+06	54341	-0.80281	0.99953	238
29	8	6.2958e+10	-1.3656e+06	58076	-0.91484	0.99964	239
30	8	5.3316e+10	2.3257e+07	50799	-0.83853	0.99971	240
1	9	7.0454e+10	5.627e+07	11076	0.044575	0.99813	241
2	9	5.8101e+10	4.4802e+07	25233	-0.045776	0.99854	242
3	9	6.5674e+10	3.0441e+07	28950	-0.31434	0.99829	243
4	9	5.8449e+10	2.4215e+07	34213	-0.48072	0.99868	244
5	9	1.277e+10	9.3345e+07	-1512.4	-0.035837	0.99949	245
6	9	3.3806e+10	4.5837e+07	23818	-0.42102	0.99931	246
7	9	7.8685e+10	-2.8318e+07	43891	-0.732	0.99963	247
8	9	9.9819e+10	-6.5525e+07	59646	-0.93555	0.9991	248
9	9	1.1784e+11	-7.6807e+07	53515	-0.66565	0.99969	249
10	9	1.0826e+11	-3.8299e+07	37388	-0.085984	0.99912	250
11	9	1.0614e+11	-5.0713e+07	43690	-0.45073	0.99881	251
12	9	9.9895e+10	-4.7075e+07	38914	-0.57783	0.99829	252
13	9	6.3774e+10	4.0525e+06	21855	-0.18903	0.99925	253
14	9	8.1157e+10	-4.3478e+07	43154	-0.74689	0.99935	254
15	9	8.734e+10	-4.3617e+07	38355	-0.64571	0.99949	255
16	9	1.0599e+11	-7.2262e+07	51767	-1.0059	0.9993	256
17	9	9.4782e+10	-4.8626e+07	40434	-0.50959	0.99929	257
18	9	1.0775e+11	-5.7514e+07	42220	-0.38205	0.99884	258
19	9	1.1572e+11	-8.1727e+07	56421	-0.41233	0.99726	259
20	9	1.6031e+11	-1.6194e+08	95059	-0.80565	0.99879	260
21	9	4.457e+10	3.7271e+07	29144	-0.19819	0.99932	261
22	9	6.8137e+10	-1.1111e+07	45351	-0.46101	0.9994	262
23	9	6.7609e+10	-4.8483e+06	42151	-0.52781	0.99945	263
24	9	3.5542e+10	5.6658e+07	15116	-0.12839	0.99966	264
25	9	5.518e+10	1.9054e+07	29791	-0.37299	0.99968	265
26	9	7.3198e+10	-2.4306e+07	55116	-0.69165	0.99946	266
27	9	5.6591e+10	-4.2892e+06	53485	-0.73659	0.99948	267
28	9	6.4639e+10	-1.7426e+07	60732	-0.88712	0.99953	268
29	9	5.2112e+10	1.1149e+07	50567	-0.74925	0.99968	269
30	9	6.0558e+10	9.668e+05	59197	-0.75846	0.99973	270
1	10	6.6325e+10	2.1437e+07	34672	-0.371	0.99926	271
2	10	4.7719e+10	4.7123e+07	19079	-0.20065	0.99952	272
3	10	5.3912e+10	4.3535e+07	11087	-0.0094379	0.99848	273
4	10	6.1088e+10	6.7059e+06	33955	-0.45616	0.9983	274
5	10	1.0311e+10	8.9437e+07	-9109	0.091504	0.99936	275
6	10	3.6872e+10	2.9598e+07	23232	-0.34444	0.99942	276
7	10	7.7734e+10	-3.8253e+07	39978	-0.41895	0.99948	277
8	10	7.7884e+10	-3.2133e+07	33560	-0.57643	0.99925	278
9	10	9.6647e+10	-5.7286e+07	41785	-0.39175	0.99968	279
10	10	1.1359e+11	-9.6463e+07	79822	-0.69916	0.99962	280
11	10	6.4699e+10	-1.0801e+07	46582	-0.43957	0.99906	281
12	10	7.1969e+10	-2.6779e+07	48017	-0.59589	0.99893	282
13	10	4.7953e+10	7.9531e+06	35542	-0.37536	0.99937	283
14	10	6.0065e+10	-2.4354e+07	46463	-0.58769	0.99908	284
15	10	7.3553e+10	-3.9287e+07	48106	-0.50427	0.99948	285
16	10	7.5512e+10	-3.2312e+07	42072	-0.41708	0.99884	286
17	10	7.3513e+10	-2.7342e+07	39386	-0.29114	0.99913	287
18	10	6.405e+10	2.4796e+06	23933	0.014747	0.9982	288
19	10	9.6334e+10	-5.6175e+07	46645	-0.18034	0.99886	289
20	10	1.2031e+11	-9.7963e+07	67329	-0.28108	0.9991	290
21	10	2.8191e+10	5.0212e+07	26948	-0.22984	0.9994	291
22	10	4.8756e+10	8.3751e+06	40350	-0.54458	0.99928	292
23	10	6.4752e+10	-2.0974e+07	55381	-0.76767	0.99968	293
24	10	4.4032e+10	1.8758e+07	37847	-0.27331	0.99954	294
25	10	3.7391e+10	3.4255e+07	25928	-0.36536	0.99952	295
26	10	5.7603e+10	-3.319e+06	42680	-0.5658	0.9997	296
27	10	3.6128e+10	3.0044e+07	31851	-0.39215	0.99967	297
28	10	4.4136e+10	1.697e+07	38879	-0.52017	0.99924	298
29	10	5.1372e+10	4.5459e+06	49056	-0.58901	0.99972	299
30	10	6.5013e+10	-1.7053e+07	63676	-0.78829	0.99969	300
1	11	7.6039e+10	-5.3714e+06	41230	-1.6103	0.99921	301
2	11	5.1952e+10	4.2024e+07	8203.1	-0.21602	0.99931	302
3	11	8.5866e+10	-2.629e+07	37703	-0.77735	0.9989	303
4	11	7.2784e+10	-1.5531e+07	32059	-0.43189	0.99888	304
5	11	2.935e+10	4.6886e+07	4779.4	-0.082007	0.9994	305
6	11	3.6959e+10	2.6267e+07	17759	-0.3274	0.99957	306
7	11	7.6846e+10	-5.0331e+07	46577	-0.64778	0.99942	307
8	11	7.5799e+10	-5.0299e+07	50280	-0.74101	0.99944	308
9	11	8.6624e+10	-6.2229e+07	53617	-0.64171	0.99932	309
10	11	8.9805e+10	-7.6317e+07	79929	-0.68208	0.99971	310
11	11	5.1996e+10	3.4219e+06	41842	-1.0262	0.99888	311
12	11	6.5767e+10	-2.4981e+07	49661	-1.251	0.99897	312
13	11	3.9634e+10	1.2006e+07	37565	-1.0104	0.9997	313
14	11	5.3223e+10	-2.1507e+07	48756	-0.99765	0.99882	314
15	11	6.8651e+10	-4.2526e+07	54109	-0.68864	0.99937	315
16	11	7.4527e+10	-4.6204e+07	54461	-0.62628	0.99932	316
17	11	6.5864e+10	-2.7203e+07	44422	-0.47653	0.99955	317
18	11	6.1758e+10	-4.1984e+06	29502	-0.099408	0.99864	318
19	11	7.5372e+10	-2.5985e+07	33616	-0.093936	0.99923	319
20	11	1.0009e+11	-6.6968e+07	52171	-0.19749	0.99937	320
21	11	3.8072e+10	3.2725e+07	24287	-0.32079	0.99943	321
22	11	4.8843e+10	5.1799e+06	33466	-0.60113	0.99936	322
23	11	6.8543e+10	-3.0031e+07	50867	-0.94585	0.99975	323
24	11	5.7144e+10	-5.8242e+06	39205	-0.63536	0.99985	324
25	11	6.0167e+10	-1.1746e+07	38917	-0.72125	0.99957	325
26	11	6.3638e+10	-2.0712e+07	43719	-0.69362	0.99968	326
27	11	4.5121e+10	1.0658e+07	31642	-0.47524	0.99948	327
28	11	4.4546e+10	1.2372e+07	32238	-0.45537	0.99959	328
29	11	5.5445e+10	-4.7534e+06	43363	-0.53024	0.99962	329
30	11	6.9548e+10	-2.4847e+07	55627	-0.65718	0.99973	330
1	12	8.5038e+10	-2.7285e+07	48922	-1.1935	0.99927	331
2	12	5.989e+10	1.5769e+07	23136	-0.66491	0.99968	332
3	12	8.2718e+10	-3.5642e+07	49303	-2.1723	0.99883	333
4	12	7.1763e+10	-2.6167e+07	44126	-1.9892	0.99863	334
5	12	1.3554e+10	7.7927e+07	-11183	0.24542	0.99965	335
6	12	4.1164e+10	3.3056e+06	39506	-0.87592	0.99957	336
7	12	7.4185e+10	-6.3838e+07	67870	-1.1318	0.99905	337
8	12	6.9993e+10	-5.6179e+07	67110	-1.1051	0.99913	338
9	12	7.5569e+10	-5.5695e+07	63093	-0.91495	0.99941	339
10	12	6.6614e+10	-4.1398e+07	70821	-0.72946	0.99958	340
11	12	5.0401e+10	5.7513e+06	39118	-0.36167	0.99884	341
12	12	7.0869e+10	-3.2547e+07	50015	-0.72186	0.99904	342
13	12	3.4885e+10	2.4388e+07	28078	-0.67798	0.99958	343
14	12	5.189e+10	-1.6898e+07	44305	-1.5797	0.99863	344
15	12	6.3645e+10	-3.1221e+07	47308	-1.3645	0.99937	345
16	12	6.4768e+10	-2.7484e+07	43800	-0.77841	0.99904	346
17	12	7.2115e+10	-3.8222e+07	47758	-0.526	0.99951	347
18	12	7.0541e+10	-2.5279e+07	40814	-0.12531	0.99876	348
19	12	7.9266e+10	-4.0382e+07	43314	-0.15291	0.99863	349
20	12	8.7615e+10	-4.9492e+07	46807	-0.091657	0.99866	350
21	12	4.5082e+10	1.0993e+07	35236	-0.42731	0.99955	351
22	12	5.9979e+10	-2.1479e+07	45461	-0.72135	0.99923	352
23	12	6.3434e+10	-2.4636e+07	46459	-0.68131	0.99948	353
24	12	5.4242e+10	-5.1664e+05	32176	-0.36141	0.99986	354
25	12	6.0199e+10	-1.0723e+07	32759	-0.51115	0.99969	355
26	12	6.2412e+10	-1.6888e+07	36208	-0.85752	0.99982	356
27	12	4.7491e+10	6.1815e+06	29814	-0.50988	0.99967	357
28	12	5.9818e+10	-2.2897e+07	49084	-0.78076	0.99954	358
29	12	5.7275e+10	-1.5233e+07	49438	-0.64237	0.99967	359
30	12	6.5767e+10	-2.4308e+07	55841	-0.65846	0.99947	360
1	13	6.0062e+10	1.8632e+07	27655	-0.37363	0.99916	361
2	13	5.3678e+10	1.2172e+07	35226	-0.5277	0.99949	362
3	13	6.7804e+10	-1.4835e+07	43778	-0.9283	0.99888	363
4	13	6.2356e+10	-1.6003e+07	44290	-1.4032	0.99853	364
5	13	2.2076e+10	4.5334e+07	16022	-0.70893	0.99966	365
6	13	3.6501e+10	8.4361e+06	38824	-1.2928	0.99932	366
7	13	6.3445e+10	-4.1458e+07	55074	-1.2937	0.9992	367
8	13	6.663e+10	-5.2944e+07	66931	-1.6536	0.99926	368
9	13	6.5615e+10	-3.8186e+07	55067	-1.1095	0.99902	369
10	13	5.0312e+10	-1.2082e+07	57553	-0.92644	0.99965	370
11	13	5.644e+10	73680	28331	-0.25273	0.99842	371
12	13	6.3865e+10	-1.6209e+07	30997	-0.18854	0.99867	372
13	13	4.578e+10	5.0245e+06	27235	-0.22066	0.99963	373
14	13	5.5107e+10	-2.2661e+07	39459	-0.83292	0.99916	374
15	13	6.2491e+10	-3.016e+07	40552	-0.92207	0.99931	375
16	13	5.7147e+10	-1.3545e+07	32334	-0.72844	0.99904	376
17	13	5.8047e+10	-1.5957e+07	35433	-0.40835	0.99932	377
18	13	6.675e+10	-2.628e+07	42332	-0.2819	0.99895	378
19	13	7.2173e+10	-3.9556e+07	48896	-0.28135	0.99898	379
20	13	7.9164e+10	-5.1207e+07	56642	-0.195	0.99929	380
21	13	4.238e+10	8.8588e+06	40595	-0.31178	0.99953	381
22	13	4.3812e+10	2.9733e+06	37851	-0.43326	0.9993	382
23	13	5.4693e+10	-1.7364e+07	48807	-0.50706	0.99947	383
24	13	5.3664e+10	-1.4352e+07	47504	-0.3746	0.99975	384
25	13	6.0622e+10	-2.6831e+07	49844	-0.56816	0.99957	385
26	13	5.3704e+10	-9.8419e+06	38644	-0.72564	0.99954	386
27	13	3.9761e+10	1.315e+07	30058	-0.52013	0.99952	387
28	13	5.0127e+10	-1.0729e+07	45821	-0.51727	0.99952	388
29	13	4.7505e+10	-1.5365e+06	43730	-0.6026	0.99948	389
30	13	5.7651e+10	-1.7102e+07	55253	-0.76275	0.99959	390
1	14	5.6976e+10	-4.7941e+06	45528	-1.676	0.99912	391
2	14	4.0685e+10	2.2138e+07	26976	-0.92623	0.99953	392
3	14	6.7206e+10	-2.2419e+07	37065	-1.6249	0.99841	393
4	14	5.5005e+10	-8.5737e+06	28374	-1.1807	0.99734	394
5	14	3.3904e+10	1.7186e+07	16035	-0.66839	0.99969	395
6	14	3.3606e+10	1.4304e+07	20078	-0.83585	0.99941	396
7	14	6.4943e+10	-5.6866e+07	55539	-1.5475	0.99951	397
8	14	6.1677e+10	-5.6515e+07	63310	-1.8754	0.99922	398
9	14	5.9762e+10	-3.732e+07	46132	-0.83305	0.99944	399
10	14	3.086e+10	2.395e+07	26692	-0.5653	0.9995	400
11	14	4.52e+10	1.2557e+07	17755	-0.080323	0.99899	401
12	14	5.6538e+10	-1.4558e+07	28429	-0.21689	0.99903	402
13	14	4.0175e+10	4.7638e+06	26624	-0.23135	0.99955	403
14	14	5.0529e+10	-2.8e+07	44057	-0.8096	0.99901	404
15	14	5.468e+10	-2.9959e+07	42489	-0.60939	0.99962	405
16	14	5.3004e+10	-1.8635e+07	35939	-0.3581	0.99938	406
17	14	4.2883e+10	2.5502e+06	27255	-0.24924	0.99931	407
18	14	5.3198e+10	-1.5647e+07	41036	-0.20253	0.9992	408
19	14	6.3118e+10	-3.8535e+07	53931	-0.40577	0.99929	409
20	14	5.8887e+10	-2.8506e+07	51882	-0.14941	0.99893	410
21	14	4.0383e+10	-1.0118e+07	58284	-0.59793	0.9995	411
22	14	3.756e+10	-4.2933e+06	48345	-0.77454	0.99934	412
23	14	4.4501e+10	-1.5182e+07	52230	-0.92096	0.99932	413
24	14	4.5774e+10	-1.1771e+07	45524	-0.65806	0.99981	414
25	14	4.696e+10	-1.228e+07	39762	-0.56345	0.99969	415
26	14	4.8367e+10	-1.3388e+07	35838	-0.47864	0.99973	416
27	14	4.7028e+10	-8.9231e+06	27982	-0.35291	0.99944	417
28	14	6.1479e+10	-3.4862e+07	36712	-0.41864	0.99949	418
29	14	7.8211e+10	-5.9732e+07	45901	-0.53129	0.99983	419
30	14	8.6614e+10	-6.5276e+07	46031	-0.32455	0.99981	420
1	15	3.4562e+10	3.41e+07	18262	-0.26152	0.9993	421
2	15	3.7699e+10	2.8427e+07	11815	-0.16718	0.99942	422
3	15	6.4006e+10	-2.2808e+07	28944	-0.45003	0.99816	423
4	15	5.6512e+10	-2.9489e+07	40275	-0.65666	0.99804	424
5	15	4.5661e+10	-2.4224e+07	38938	-0.61467	0.99944	425
6	15	3.3253e+10	8.5233e+06	15883	-0.3505	0.9993	426
7	15	6.1164e+10	-5.888e+07	50610	-0.69273	0.99949	427
8	15	6.1418e+10	-6.6569e+07	62763	-0.87878	0.99856	428
9	15	6.2912e+10	-6.3286e+07	58918	-0.83483	0.99933	429
10	15	3.797e+10	4.2142e+06	24190	-0.37265	0.9993	430
11	15	2.4533e+10	4.2576e+07	7449.8	-0.10536	0.99889	431
12	15	3.1196e+10	2.5214e+07	13055	-0.10649	0.99858	432
13	15	2.1848e+10	3.3843e+07	13599	-0.22189	0.99935	433
14	15	3.9179e+10	-1.1609e+07	36295	-0.89627	0.99882	434
15	15	4.4341e+10	-1.6439e+07	36001	-0.68576	0.99952	435
16	15	4.686e+10	-1.3427e+07	32158	-0.55817	0.99944	436
17	15	2.8015e+10	2.4158e+07	16332	-0.12147	0.99923	437
18	15	4.3539e+10	-7.2604e+06	38152	-0.54415	0.99914	438
19	15	4.5085e+10	-1.3518e+07	42640	-0.39636	0.99914	439
20	15	4.8661e+10	-1.7049e+07	45344	-0.36168	0.99945	440
21	15	1.8047e+10	3.3152e+07	27182	-0.28954	0.99964	441
22	15	3.7777e+10	-1.381e+07	48005	-0.5596	0.99943	442
23	15	3.986e+10	-1.5193e+07	47623	-0.88397	0.99963	443
24	15	4.3477e+10	-1.624e+07	42257	-0.64618	0.99964	444
25	15	4.3001e+10	-1.1818e+07	32323	-0.69814	0.99956	445
26	15	4.3893e+10	-8.0074e+06	22567	-0.47858	0.99975	446
27	15	4.804e+10	-1.7469e+07	24405	-0.46966	0.99937	447
28	15	6.1283e+10	-5.0384e+07	45568	-0.78231	0.99927	448
29	15	6.9504e+10	-6.3569e+07	53765	-0.77061	0.99973	449
30	15	6.5117e+10	-4.7533e+07	45534	-0.39739	0.99961	450
1	16	1.6302e+10	6.8387e+07	2463.5	-0.12378	0.9996	451
2	16	2.8629e+10	2.1013e+07	35187	-0.36135	0.99945	452
3	16	3.6406e+10	2.2011e+07	15667	-0.22086	0.99869	453
4	16	2.7536e+10	2.6e+07	14950	-0.29062	0.9984	454
5	16	2.8339e+10	6.7454e+06	25872	-0.44913	0.99959	455
6	16	3.1188e+10	1.6124e+06	25176	-0.41541	0.99912	456
7	16	5.8702e+10	-6.8718e+07	62623	-0.91021	0.99888	457
8	16	6.3982e+10	-8.1067e+07	69485	-1.1264	0.99794	458
9	16	7.4479e+10	-9.8686e+07	74974	-1.0354	0.99927	459
10	16	3.6043e+10	1.9349e+07	-7331.2	0.0039547	0.99923	460
11	16	1.0511e+10	5.804e+07	12293	-0.16063	0.99926	461
12	16	1.8735e+10	4.1586e+07	14232	-0.10308	0.9991	462
13	16	1.8437e+10	3.128e+07	24351	-0.24766	0.99978	463
14	16	2.7535e+10	4.0043e+06	36475	-0.60106	0.99917	464
15	16	3.4226e+10	-2.1128e+06	35326	-0.42266	0.99944	465
16	16	3.9064e+10	-6.0761e+06	35412	-0.35221	0.9993	466
17	16	2.8824e+10	1.7666e+07	22864	-0.15765	0.9995	467
18	16	3.7956e+10	8.9238e+05	35135	-0.16548	0.99911	468
19	16	3.8408e+10	-3.9783e+06	40087	-0.14141	0.99877	469
20	16	4.8518e+10	-2.7359e+07	57686	-0.24988	0.99899	470
21	16	2.276e+10	1.9981e+07	31078	-0.15669	0.99948	471
22	16	3.1442e+10	-3.3031e+06	40334	-0.29345	0.99936	472
23	16	4.1932e+10	-2.5742e+07	52518	-0.58291	0.99963	473
24	16	3.2861e+10	1.9918e+06	32075	-0.14373	0.99917	474
25	16	3.4514e+10	2.8794e+06	24271	-0.23227	0.99947	475
26	16	2.7543e+10	1.9332e+07	12283	-0.18905	0.99961	476
27	16	1.7526e+10	3.5697e+07	8258.5	-0.04691	0.99914	477
28	16	2.8572e+10	-41901	38033	-0.48252	0.99969	478
29	16	2.218e+10	1.5622e+07	33067	-0.49006	0.99972	479
30	16	2.4617e+10	1.1736e+07	38869	-0.38672	0.99953	480
1	17	1.1644e+11	-1.6571e+08	1.2425e+05	-0.97466	0.99846	481
2	17	1.0061e+11	-1.4664e+08	1.1699e+05	-0.10088	0.99845	482
3	17	1.1372e+11	-1.7236e+08	1.228e+05	-0.96204	0.9959	483
4	17	1.0738e+11	-1.7168e+08	1.2396e+05	-1.3352	0.99829	484
5	17	7.8099e+10	-1.2732e+08	1.0883e+05	-0.66039	0.99968	485
6	17	7.4383e+10	-1.2427e+08	1.1087e+05	-0.4718	0.99955	486
7	17	8.8111e+10	-1.5769e+08	1.2671e+05	-1.3096	0.99969	487
8	17	8.8419e+10	-1.5886e+08	1.2826e+05	-0.85471	0.99972	488
9	17	9.4148e+10	-1.6429e+08	1.2755e+05	-1.2342	0.99975	489
10	17	1.0288e+11	-1.7225e+08	1.2972e+05	-0.095103	0.99963	490
11	17	2.274e+10	2.4016e+07	41194	-1.1523	0.99921	491
12	17	3.4418e+10	-1.84e+06	48855	-0.46068	0.99915	492
13	17	2.2339e+10	1.5454e+07	42067	-0.18769	0.99963	493
14	17	3.3043e+10	-1.1473e+07	50997	-0.64507	0.99899	494
15	17	3.7667e+10	-1.6894e+07	51440	-0.54792	0.99963	495
16	17	4.5275e+10	-2.8302e+07	55538	-0.43039	0.99937	496
17	17	3.5114e+10	-2.3289e+06	38282	-0.17949	0.9993	497
18	17	4.1328e+10	-1.7338e+06	32924	-0.077	0.99897	498
19	17	3.1515e+10	1.4889e+07	25120	0.015886	0.99834	499
20	17	5.6104e+10	-4.2389e+07	62259	-0.28928	0.99901	500
21	17	2.0781e+10	2.2193e+07	26092	-0.29177	0.99914	501
22	17	3.6195e+10	-1.9128e+07	47457	-0.77947	0.99941	502
23	17	3.7177e+10	-1.7565e+07	44971	-0.9776	0.99928	503
24	17	3.0622e+10	2.7642e+06	28787	-0.51402	0.99976	504
25	17	3.7142e+10	-1.0056e+07	30144	-0.64169	0.99958	505
26	17	4.1059e+10	-1.8725e+07	31581	-0.80392	0.99957	506
27	17	2.3798e+10	3.1989e+07	-8915.1	0.3006	0.99972	507
28	17	4.0746e+10	-1.6878e+07	28007	-0.65185	0.99935	508
29	17	4.3839e+10	-2.5995e+07	39557	-0.80657	0.99969	509
30	17	4.2285e+10	-2.1379e+07	41448	-0.66879	0.99966	510
1	18	5.4458e+10	-4.5695e+07	51887	-3.2838	0.99887	511
2	18	5.297e+10	-3.749e+07	32817	-1.629	0.99955	512
3	18	6.4205e+10	-6.9439e+07	51810	-1.9332	0.99859	513
4	18	5.0848e+10	-5.0593e+07	47467	-1.1526	0.99806	514
5	18	3.0328e+10	-1.9518e+07	38222	-0.78401	0.99911	515
6	18	2.3023e+10	-4.8243e+05	26134	-0.55127	0.99933	516
7	18	4.071e+10	-4.5311e+07	49005	-0.72441	0.99935	517
8	18	4.7411e+10	-6.5684e+07	66669	-0.85596	0.99891	518
9	18	3.3041e+10	-4.9061e+06	11518	-0.22547	0.99945	519
10	18	4.912e+10	-5.8389e+07	68155	-0.23182	0.99967	520
11	18	1.3477e+09	4.7339e+07	50680	-0.47388	0.99943	521
12	18	1.3285e+10	2.0799e+07	61767	-1.3167	0.99929	522
13	18	1.1596e+10	1.5415e+07	67604	-0.73315	0.99969	523
14	18	2.0329e+10	-4.049e+06	72051	-1.1581	0.99956	524
15	18	2.0744e+10	3.2849e+05	67311	-0.67161	0.99982	525
16	18	2.3622e+10	-1.5472e+06	67237	-0.34216	0.99949	526
17	18	1.1964e+10	2.5981e+07	50513	-0.17907	0.99966	527
18	18	2.4055e+09	5.3844e+07	34279	0.025267	0.99938	528
19	18	9.9895e+09	4.0156e+07	38117	-0.048389	0.99932	529
20	18	2.7076e+10	1.6691e+06	62751	-0.011471	0.99933	530
21	18	2.0333e+10	1.3657e+07	30184	-0.38782	0.99939	531
22	18	2.5413e+10	-1.2641e+06	35385	-0.71299	0.99938	532
23	18	3.1289e+10	-1.2722e+07	41324	-0.89933	0.99901	533
24	18	1.7308e+10	2.5175e+07	15126	-0.13277	0.99942	534
25	18	2.4891e+10	8.4582e+06	20053	-0.32368	0.99956	535
26	18	3.3144e+10	-1.2077e+07	30813	-0.67989	0.99966	536
27	18	2.8155e+10	-4.1361e+06	27720	-0.59906	0.99904	537
28	18	1.8802e+10	2.4318e+07	6751.6	-0.19499	0.99848	538
29	18	2.7074e+10	-1.924e+06	31556	-0.54015	0.99907	539
30	18	3.5299e+10	-2.2793e+07	49042	-0.84524	0.99938	540
1	19	3.9668e+10	-1.8406e+07	34224	-1.0359	0.99881	541
2	19	4.1654e+10	-2.5526e+07	33429	-1.2735	0.99961	542
3	19	3.8341e+10	-2.3091e+07	34306	-1.3816	0.99925	543
4	19	3.2896e+10	-2.7671e+07	49497	-2.3942	0.99834	544
5	19	2.7371e+10	-2.034e+07	41172	-1.5574	0.99925	545
6	19	2.4251e+10	-1.0401e+07	32287	-0.84678	0.99964	546
7	19	3.3284e+10	-3.2326e+07	42610	-0.7314	0.99929	547
8	19	4.0285e+10	-5.7032e+07	67108	-0.87861	0.99966	548
9	19	1.1878e+10	4.1184e+07	-11721	0.043822	0.99952	549
10	19	3.4218e+10	-4.0361e+07	73408	0.046535	0.99967	550
11	19	1.3353e+10	3.6779e+07	33018	-0.1731	0.99892	551
12	19	1.3076e+10	3.1642e+07	36923	-0.45115	0.99905	552
13	19	1.1705e+10	2.1855e+07	49957	-0.64631	0.99975	553
14	19	1.4343e+10	1.043e+07	56414	-1.1411	0.99959	554
15	19	1.9018e+10	4.1761e+06	58857	-0.9321	0.9998	555
16	19	1.7758e+10	9.6992e+06	56772	-0.27253	0.99971	556
17	19	9.9292e+09	2.9254e+07	44852	-0.11935	0.99964	557
18	19	3.4133e+09	4.8771e+07	35746	-0.026401	0.99925	558
19	19	1.2217e+10	2.5265e+07	51214	0.030611	0.99918	559
20	19	2.9021e+10	-1.3064e+07	76918	0.16092	0.9995	560
21	19	9.1959e+09	3.5055e+07	16595	-0.074217	0.99925	561
22	19	2.2732e+10	-4.4536e+06	39759	-0.50335	0.99932	562
23	19	2.4557e+10	-3.9885e+06	37224	-0.56585	0.9996	563
24	19	2.0278e+10	8.0778e+06	28780	-0.25469	0.9998	564
25	19	2.3646e+10	-1.6217e+06	32548	-0.42004	0.99961	565
26	19	2.3776e+10	-3.793e+06	33329	-0.56228	0.99963	566
27	19	2.0997e+10	-1.2879e+06	33339	-0.68403	0.99955	567
28	19	2.5393e+10	-9.28e+06	34716	-0.73035	0.99969	568
29	19	2.8877e+10	-1.357e+07	36267	-0.67955	0.99954	569
30	19	3.2962e+10	-1.9981e+07	40172	-0.45284	0.99969	570
1	20	2.4608e+10	-3272	32865	-0.44007	0.99909	571
2	20	3.0392e+10	-1.5338e+07	35740	-0.47159	0.99966	572
3	20	3.4264e+10	-2.9307e+07	43729	-0.77284	0.99917	573
4	20	3.2307e+10	-3.5945e+07	51765	-1.2434	0.99818	574
5	20	2.6985e+10	-2.9543e+07	44532	-0.85903	0.99946	575
6	20	2.5839e+10	-2.393e+07	38082	-0.52034	0.99964	576
7	20	3.2525e+10	-4.0102e+07	45527	-0.7504	0.99927	577
8	20	2.7965e+10	-3.526e+07	54622	-0.59914	0.99968	578
9	20	2.0539e+10	-4.2128e+06	29423	-0.50959	0.99944	579
10	20	3.4873e+10	-5.2504e+07	82021	0.62272	0.99944	580
11	20	2.0327e+10	1.2699e+07	34112	-0.40165	0.99916	581
12	20	1.8416e+10	1.2093e+07	36296	-0.55881	0.99918	582
13	20	1.5512e+10	8.8229e+06	44930	-0.62488	0.99952	583
14	20	1.5364e+10	8.0137e+06	41316	-0.80279	0.99952	584
15	20	1.5849e+10	1.2464e+07	36443	-0.65413	0.99978	585
16	20	1.8013e+10	7.2061e+06	43020	-0.38703	0.99974	586
17	20	1.7708e+10	9.0128e+06	42969	-0.35306	0.9998	587
18	20	9.8446e+09	3.0292e+07	33599	-0.12316	0.99932	588
19	20	1.0746e+10	2.5078e+07	39724	-0.091894	0.99931	589
20	20	2.4378e+10	-1.0276e+07	66268	0.23153	0.9991	590
21	20	1.649e+10	8.3298e+06	31367	-0.31408	0.99939	591
22	20	1.8472e+10	6.4601e+05	33358	-0.39188	0.99934	592
23	20	2.1719e+10	-7.2276e+06	38974	-0.53566	0.99979	593
24	20	1.9053e+10	6.2696e+05	33800	-0.41153	0.99969	594
25	20	2.1686e+10	-5.3557e+06	34307	-0.77117	0.99956	595
26	20	2.2287e+10	-1.121e+07	39704	-1.0073	0.9998	596
27	20	2.2732e+10	-1.6258e+07	43887	-1.2158	0.99963	597
28	20	2.6097e+10	-2.1719e+07	42726	-0.96412	0.99965	598
29	20	2.5584e+10	-1.6192e+07	36842	-0.67135	0.99962	599
30	20	2.9242e+10	-2.0057e+07	36563	-0.43474	0.99979	600
1	21	1.7066e+10	1.2795e+07	29450	-0.26692	0.9994	601
2	21	1.4268e+10	1.8839e+07	21550	-0.2416	0.99967	602
3	21	1.9555e+10	4.4461e+06	26909	-0.1557	0.99899	603
4	21	2.1073e+10	-1.3371e+07	47014	-0.83281	0.99935	604
5	21	9.0868e+09	1.5607e+07	22284	-0.144	0.99965	605
6	21	1.2946e+10	2.2498e+06	32673	-0.34054	0.99927	606
7	21	2.0027e+10	-1.4772e+07	37879	-0.32084	0.99947	607
8	21	1.8807e+10	-1.6202e+07	45680	-0.5486	0.99952	608
9	21	2.1446e+10	-1.3883e+07	37810	-0.35958	0.99957	609
10	21	2.5186e+10	-2.7096e+07	57766	0.70063	0.99857	610
11	21	1.6911e+10	1.1278e+07	22507	-0.24091	0.99893	611
12	21	1.1062e+10	2.284e+07	16228	-0.26962	0.99875	612
13	21	1.1373e+10	1.3406e+07	29688	-0.48881	0.99898	613
14	21	1.1137e+10	6.4151e+06	38870	-0.73711	0.99909	614
15	21	1.2445e+10	5.8873e+06	38747	-0.51742	0.99939	615
16	21	1.3168e+10	8.3701e+06	35279	-0.25643	0.99916	616
17	21	1.5185e+10	5.3045e+06	35940	-0.11537	0.99934	617
18	21	1.4292e+10	1.1332e+07	33418	0.022038	0.99926	618
19	21	9.2798e+09	2.3697e+07	26291	0.039527	0.99897	619
20	21	1.9853e+10	-6.8233e+06	52196	0.12189	0.99914	620
21	21	6.2393e+09	2.7853e+07	22465	-0.18341	0.99958	621
22	21	1.1443e+10	1.3446e+07	28116	-0.32525	0.99939	622
23	21	1.5243e+10	2.3427e+06	37486	-0.36345	0.99938	623
24	21	1.255e+10	6.713e+06	37698	-0.57247	0.99922	624
25	21	1.5058e+10	-5.0012e+05	40671	-0.59548	0.99958	625
26	21	1.4842e+10	-7.1415e+05	39259	-0.85821	0.9996	626
27	21	1.4592e+10	-1.21e+06	36812	-0.78391	0.9997	627
28	21	2.1068e+10	-1.7015e+07	43793	-1.0123	0.99945	628
29	21	1.9936e+10	-1.0309e+07	36545	-0.54174	0.9992	629
30	21	2.2462e+10	-1.1523e+07	34505	-0.40494	0.99949	630
1	22	1.9541e+10	5.3208e+06	30486	-1.0246	0.99906	631
2	22	8.5369e+09	2.9986e+07	13062	-0.31587	0.99925	632
3	22	1.6499e+10	7.1215e+06	25875	-0.41496	0.99924	633
4	22	1.3206e+10	9.8007e+06	24570	-0.46743	0.99923	634
5	22	6.9679e+09	1.5488e+07	24127	-0.48808	0.99945	635
6	22	1.407e+10	-9.0416e+06	43192	-0.78866	0.99938	636
7	22	2.4001e+10	-3.0607e+07	43215	-0.26966	0.99955	637
8	22	1.8124e+10	-1.1124e+07	26609	-0.23742	0.9993	638
9	22	2.9094e+10	-4.1765e+07	51473	-0.42641	0.99943	639
10	22	1.7248e+10	-9.0643e+06	41755	0.26896	0.99944	640
11	22	2.5813e+10	-1.2641e+07	21132	-0.23454	0.99896	641
12	22	1.7501e+10	4.2737e+05	21560	-0.56954	0.99874	642
13	22	2.034e+10	-1.7827e+07	44186	-1.1157	0.99949	643
14	22	1.9651e+10	-1.8859e+07	44762	-1.6999	0.9988	644
15	22	1.9926e+10	-1.7199e+07	43313	-1.1434	0.99976	645
16	22	2.2036e+10	-2.2589e+07	49431	-0.98781	0.9995	646
17	22	1.9919e+10	-1.6201e+07	45696	-0.59533	0.99913	647
18	22	1.9759e+10	-1.1663e+07	42540	-0.32672	0.99958	648
19	22	1.7407e+10	-2.692e+06	35291	-0.28074	0.99956	649
20	22	1.9364e+10	-1.2987e+07	50051	0.1156	0.99929	650
21	22	1.3453e+10	4.3204e+06	33620	-0.48647	0.99934	651
22	22	1.5011e+10	-1.8219e+06	34297	-0.55609	0.99958	652
23	22	1.3581e+10	4.2003e+06	29665	-0.57427	0.99983	653
24	22	1.4091e+10	-1.3929e+06	39117	-1.025	0.99962	654
25	22	1.6928e+10	-1.2605e+07	47588	-0.85775	0.99968	655
26	22	1.7067e+10	-1.4546e+07	49170	-1.056	0.99965	656
27	22	1.5637e+10	-9.9004e+06	42323	-0.88492	0.9996	657
28	22	1.8522e+10	-1.4934e+07	41457	-1.0467	0.99956	658
29	22	1.8565e+10	-1.0771e+07	35682	-0.70184	0.99946	659
30	22	2.2037e+10	-1.8868e+07	42294	-0.69954	0.99901	660
1	23	1.2812e+10	1.308e+07	29282	-0.39302	0.9994	661
2	23	8.5616e+09	2.0353e+07	22248	-0.077451	0.9993	662
3	23	2.2615e+10	-1.2004e+07	30484	-0.33126	0.99908	663
4	23	1.8338e+10	-1.1481e+07	36129	-0.82143	0.99898	664
5	23	1.2758e+10	-7.2733e+06	38456	-1.3464	0.99959	665
6	23	1.3154e+10	-7.6231e+06	36125	-1.3966	0.99954	666
7	23	2.4691e+10	-4.3913e+07	58597	-1.1794	0.99955	667
8	23	9.4926e+09	2.0038e+07	-8859.6	0.10101	0.99812	668
9	23	2.8428e+10	-5.0827e+07	63596	-0.96546	0.99873	669
10	23	2.0694e+10	-2.9848e+07	62248	-0.20222	0.99982	670
11	23	2.0134e+10	-9.3844e+06	25735	-0.33603	0.99949	671
12	23	1.6274e+10	-7.4824e+06	33275	-0.69751	0.99902	672
13	23	1.4635e+10	-9.9452e+06	42117	-0.89785	0.99947	673
14	23	1.363e+10	-1.0363e+07	43353	-1.2203	0.99902	674
15	23	1.6558e+10	-1.6164e+07	46932	-1.1488	0.99919	675
16	23	1.6735e+10	-1.3972e+07	44425	-0.9596	0.9995	676
17	23	1.7181e+10	-1.6094e+07	47278	-1.1806	0.99964	677
18	23	1.5431e+10	-8.3657e+06	42884	-0.63464	0.99942	678
19	23	1.6339e+10	-1.1185e+07	44433	-0.52157	0.99923	679
20	23	2.2193e+10	-2.7654e+07	57784	-0.30869	0.99975	680
21	23	1.5828e+10	-6.7333e+06	34917	-0.66226	0.99962	681
22	23	1.9001e+10	-1.9028e+07	42179	-0.85591	0.99961	682
23	23	2.0751e+10	-2.2141e+07	43611	-0.8801	0.9996	683
24	23	1.9316e+10	-1.7316e+07	40613	-0.84063	0.99967	684
25	23	1.8179e+10	-1.7034e+07	41134	-0.79582	0.99953	685
26	23	2.0073e+10	-2.497e+07	48138	-1.168	0.99931	686
27	23	1.6047e+10	-1.6918e+07	45830	-1.0614	0.99938	687
28	23	1.5252e+10	-1.1037e+07	37907	-0.83188	0.9996	688
29	23	1.4501e+10	-5.3795e+06	33598	-0.81562	0.99942	689
30	23	1.6703e+10	-1.6016e+07	48843	-0.86888	0.99954	690
1	24	1.3223e+10	4.3949e+06	25578	-0.074447	0.99936	691
2	24	9.7731e+09	1.1084e+07	21362	0.039645	0.99922	692
3	24	1.3555e+10	-1.9739e+06	31261	-0.15668	0.99944	693
4	24	9.1509e+09	3.025e+06	31902	-0.40732	0.99938	694
5	24	7.2833e+09	5.7822e+06	23908	-0.042871	0.99899	695
6	24	5.1184e+09	1.6266e+07	10024	0.010717	0.99874	696
7	24	1.9954e+10	-4.0525e+07	63425	-1.3948	0.99938	697
8	24	7.8033e+09	1.1678e+07	8692.1	-0.32651	0.9989	698
9	24	2.0921e+10	-3.8252e+07	60448	-0.78511	0.99943	699
10	24	1.4518e+10	-1.8408e+07	54967	-0.34492	0.99965	700
11	24	1.0197e+10	6.6843e+06	18598	-0.27849	0.99933	701
12	24	1.1217e+10	-7.5346e+06	41646	-1.2344	0.99917	702
13	24	8.0568e+09	-1.4445e+06	40619	-0.97474	0.99964	703
14	24	8.3383e+09	-2.0628e+06	36927	-0.73214	0.99917	704
15	24	9.5112e+09	-3.3715e+06	36589	-0.47207	0.99959	705
16	24	1.0515e+10	-3.5272e+06	34818	-0.43313	0.99923	706
17	24	9.3552e+09	1.3749e+06	30526	-0.26518	0.99933	707
18	24	9.7736e+09	-1.0169e+05	35854	-0.31859	0.9992	708
19	24	7.8308e+09	5.3489e+06	33398	-0.17499	0.99926	709
20	24	1.0945e+10	-5.2011e+06	44727	0.089816	0.99932	710
21	24	8.329e+09	6.5328e+06	30364	-0.34877	0.99956	711
22	24	1.0749e+10	-2.1423e+06	34509	-0.41086	0.99961	712
23	24	1.207e+10	-5.2684e+06	36748	-0.64095	0.99971	713
24	24	1.0054e+10	2.856e+06	29517	-0.40365	0.99931	714
25	24	1.2941e+10	-7.288e+06	35798	-0.57048	0.99972	715
26	24	1.4284e+10	-1.22e+07	39283	-0.80882	0.9997	716
27	24	1.0373e+10	-3.1103e+06	34336	-0.71102	0.99962	717
28	24	1.0441e+10	-1.7201e+06	31960	-0.62729	0.99977	718
29	24	9.6281e+09	5.604e+05	32943	-0.65956	0.99959	719
30	24	1.1854e+10	-7.321e+06	43625	-0.81037	0.99946	720
1	25	3.0842e+10	-5.2451e+07	47795	-0.77839	0.9984	721
2	25	1.9168e+10	-2.3337e+07	37056	-0.54861	0.99911	722
3	25	1.409e+10	-8.1363e+06	26713	-0.12825	0.99833	723
4	25	1.2873e+10	-9.0817e+06	30484	-0.38896	0.99916	724
5	25	1.3421e+10	-1.4023e+07	31463	-1.023	0.99933	725
6	25	5.5994e+09	1.3266e+07	9073.2	-0.10741	0.9993	726
7	25	1.8367e+10	-4.1504e+07	70398	-1.7062	0.99978	727
8	25	1.0457e+10	-7.6477e+06	36613	-1.1973	0.99896	728
9	25	1.7117e+10	-2.8465e+07	54487	-0.36486	0.99932	729
10	25	1.1864e+10	-1.2295e+07	51760	-0.32914	0.99962	730
11	25	1.2949e+10	-1.2277e+07	36744	-0.40442	0.99878	731
12	25	1.4976e+10	-2.1685e+07	45345	-0.65707	0.99911	732
13	25	9.9774e+09	-5.5379e+06	30844	-0.53504	0.99968	733
14	25	1.1105e+10	-1.0387e+07	33149	-0.61486	0.99931	734
15	25	1.2503e+10	-1.8183e+07	45456	-0.91264	0.99919	735
16	25	1.3939e+10	-1.6835e+07	38292	-0.69582	0.99953	736
17	25	1.2851e+10	-1.5039e+07	39859	-0.82176	0.99947	737
18	25	1.4008e+10	-1.6995e+07	42712	-0.89116	0.99938	738
19	25	1.3931e+10	-1.5589e+07	37179	-0.67795	0.99944	739
20	25	1.6103e+10	-2.383e+07	46493	-0.56865	0.99925	740
21	25	9.7323e+09	-2.5543e+05	36303	-0.38298	0.99952	741
22	25	9.9499e+09	-1.6323e+06	34046	-0.59537	0.99953	742
23	25	1.2223e+10	-8.1178e+06	39492	-0.71772	0.99977	743
24	25	1.0274e+10	-2.3108e+06	36394	-0.71943	0.99959	744
25	25	1.0117e+10	-2.1281e+06	34381	-0.56467	0.9996	745
26	25	1.2976e+10	-1.2007e+07	41052	-0.82695	0.99963	746
27	25	6.3314e+09	7.2074e+06	26422	-0.4022	0.99958	747
28	25	1.0123e+10	-6.1604e+06	38758	-0.67473	0.99971	748
29	25	7.1513e+09	3.5635e+06	33127	-0.27311	0.99911	749
30	25	3.1441e+09	1.4276e+07	29364	-0.075538	0.99881	750
1	26	1.9381e+10	-3.0806e+07	36208	-0.40076	0.99842	751
2	26	1.5818e+10	-2.3402e+07	35924	-0.46367	0.9984	752
3	26	1.6166e+10	-2.292e+07	33648	-0.39262	0.99694	753
4	26	1.4997e+10	-2.4011e+07	37252	-1.1029	0.99821	754
5	26	1.35e+10	-2.1917e+07	34331	-0.94735	0.9991	755
6	26	7.3162e+09	3.9304e+05	19076	-0.30122	0.99852	756
7	26	1.3284e+10	-2.9118e+07	57210	-1.4051	0.99896	757
8	26	9.9314e+09	-1.1116e+07	35212	-0.86468	0.99775	758
9	26	1.7945e+10	-3.7122e+07	55940	-0.73336	0.99891	759
10	26	1.465e+10	-2.7577e+07	58903	-0.50902	0.9998	760
11	26	8.8273e+09	-8.1467e+06	39729	-0.23668	0.99927	761
12	26	1.0622e+10	-1.273e+07	38043	-0.34637	0.99935	762
13	26	6.3913e+09	8.9406e+05	24821	-0.33095	0.99904	763
14	26	1.0273e+10	-1.6713e+07	39881	-0.9183	0.99849	764
15	26	1.1166e+10	-1.7975e+07	40124	-0.97396	0.99915	765
16	26	1.1623e+10	-1.7745e+07	39575	-1.0466	0.99907	766
17	26	9.6215e+09	-1.1928e+07	37143	-1.1453	0.99936	767
18	26	1.1012e+10	-1.4654e+07	40608	-1.1666	0.99903	768
19	26	1.008e+10	-1.0348e+07	32333	-0.33503	0.99874	769
20	26	1.296e+10	-2.1296e+07	44133	-0.44664	0.99897	770
21	26	8.3386e+09	2.3685e+06	31019	-0.36445	0.9992	771
22	26	1.1046e+10	-7.1101e+06	35768	-0.67386	0.99953	772
23	26	1.287e+10	-1.0509e+07	37457	-0.72744	0.99967	773
24	26	1.0221e+10	-4.1415e+06	36871	-0.66045	0.99927	774
25	26	8.5832e+09	40244	33623	-0.35367	0.9991	775
26	26	1.2661e+10	-1.3746e+07	45175	-0.82555	0.99943	776
27	26	8.4648e+09	-4.9054e+05	34621	-0.52924	0.99941	777
28	26	8.5036e+09	-3.9925e+05	36944	-0.66345	0.99974	778
29	26	9.0901e+09	-4.3381e+06	46550	-0.58046	0.99962	779
30	26	8.2639e+09	-2.9594e+06	51185	-0.71076	0.99971	780
1	27	2.0714e+10	-4.7494e+07	52517	-1.2484	0.9981	781
2	27	2.0133e+10	-4.546e+07	50261	-1.4639	0.99809	782
3	27	1.4375e+10	-2.482e+07	38338	-1.3978	0.99903	783
4	27	1.2678e+10	-2.2456e+07	41018	-1.7261	0.999	784
5	27	7.1576e+09	-5.1364e+06	27359	-0.81456	0.99884	785
6	27	9.2395e+09	-1.2371e+07	32272	-1.0251	0.99955	786
7	27	1.0237e+10	-1.8241e+07	39654	-2.8516	0.99882	787
8	27	1.2047e+10	-2.3506e+07	41749	-1.417	0.99885	788
9	27	1.6674e+10	-3.8944e+07	53994	-0.83915	0.9989	789
10	27	1.4605e+10	-3.5017e+07	65793	-0.39064	0.99991	790
11	27	8.3059e+09	-8.6457e+06	32373	-0.31089	0.99845	791
12	27	1.4241e+10	-2.7435e+07	37853	-0.56331	0.99939	792
13	27	1.0404e+10	-1.5152e+07	29369	-0.51143	0.99925	793
14	27	9.564e+09	-1.7573e+07	37809	-0.9142	0.99883	794
15	27	1.0422e+10	-1.9298e+07	40081	-1.1759	0.99898	795
16	27	8.9468e+09	-1.2875e+07	35762	-0.99698	0.99954	796
17	27	8.2248e+09	-1.1609e+07	37658	-1.0603	0.99956	797
18	27	1.002e+10	-1.4739e+07	38835	-0.96646	0.99923	798
19	27	9.9963e+09	-1.493e+07	37805	-0.439	0.99932	799
20	27	1.1887e+10	-2.1385e+07	44330	-0.61615	0.99969	800
21	27	7.0316e+09	4.5245e+06	24632	-0.24978	0.99969	801
22	27	1.0238e+10	-1.0766e+07	39554	-0.65989	0.99949	802
23	27	1.1144e+10	-1.1253e+07	38373	-0.68151	0.99934	803
24	27	8.7345e+09	-3.4826e+06	35176	-0.69899	0.99944	804
25	27	1.0646e+10	-1.0459e+07	40315	-0.75234	0.99979	805
26	27	1.1903e+10	-1.3818e+07	41102	-0.8885	0.99965	806
27	27	8.1877e+09	-2.0054e+06	34911	-0.72204	0.99966	807
28	27	7.504e+09	4.6985e+05	34986	-0.61455	0.99966	808
29	27	9.6622e+09	-6.779e+06	46270	-0.69633	0.99976	809
30	27	6.5691e+09	1.6459e+06	46413	-0.83284	0.99945	810
1	28	1.6238e+10	-3.2979e+07	43391	-1.0235	0.99909	811
2	28	1.0687e+10	-1.4531e+07	33827	-0.72529	0.99953	812
3	28	1.0243e+10	-1.1843e+07	29911	-0.48729	0.99933	813
4	28	9.2196e+09	-1.4945e+07	38436	-1.0186	0.99831	814
5	28	6.6224e+09	-8.9782e+06	34063	-1.3218	0.99929	815
6	28	1.0333e+10	-2.3897e+07	45746	-1.766	0.99926	816
7	28	8.0863e+09	-2.0258e+06	1470.4	-0.12919	0.99959	817
8	28	1.0196e+10	-2.5688e+07	54325	-0.25928	0.9994	818
9	28	8.2237e+09	-1.1391e+07	35074	-0.3616	0.99946	819
10	28	9.3465e+09	-2.1545e+07	62151	0.10859	0.99949	820
11	28	8.2465e+09	-1.068e+07	33501	-0.34487	0.99936	821
12	28	8.2858e+09	-8.3524e+06	23829	-0.23951	0.99922	822
13	28	3.3571e+09	4.3798e+06	19094	-0.11934	0.99942	823
14	28	7.725e+09	-1.6582e+07	36685	-1.0911	0.99861	824
15	28	8.3103e+09	-1.7803e+07	35649	-0.97924	0.99848	825
16	28	7.2265e+09	-1.3742e+07	33837	-0.94741	0.99906	826
17	28	5.8747e+09	-8.8777e+06	31214	-0.8561	0.99935	827
18	28	6.1637e+09	-9.5496e+06	33315	-0.77948	0.99936	828
19	28	6.098e+09	-9.6175e+06	30951	-0.58127	0.99932	829
20	28	6.9732e+09	-1.306e+07	35778	-0.40506	0.99921	830
21	28	7.7211e+09	-7.2353e+06	27405	-0.6461	0.9992	831
22	28	7.9297e+09	-1.0881e+07	33838	-0.72169	0.9994	832
23	28	9.5621e+09	-1.599e+07	40215	-0.846	0.99954	833
24	28	5.9365e+09	-1.1076e+06	27256	-0.50749	0.99915	834
25	28	8.2923e+09	-1.0564e+07	35903	-0.88216	0.9998	835
26	28	6.8699e+09	-6.215e+06	32858	-0.64509	0.99938	836
27	28	5.922e+09	-4.1223e+06	35342	-0.91134	0.99943	837
28	28	6.6503e+09	-5.8919e+06	35672	-0.79934	0.99949	838
29	28	7.0696e+09	-5.0697e+06	34499	-0.7662	0.99974	839
30	28	6.6181e+09	-3.372e+06	38359	-0.83652	0.9994	840
1	29	1.0944e+10	-1.5776e+07	33074	-0.48951	0.99937	841
2	29	8.9492e+09	-1.118e+07	34879	-0.5251	0.99928	842
3	29	9.045e+09	-1.2453e+07	37110	-0.71369	0.99875	843
4	29	8.7383e+09	-1.591e+07	40520	-1.2107	0.99876	844
5	29	7.0096e+09	-1.1386e+07	30102	-0.77836	0.9993	845
6	29	9.5114e+09	-2.6523e+07	49096	-2.0077	0.9987	846
7	29	1.2363e+10	-3.0395e+07	32956	-0.79199	0.99804	847
8	29	9.839e+09	-3.0023e+07	57720	-0.46931	0.99915	848
9	29	7.336e+09	-1.3442e+07	36907	-0.78693	0.99876	849
10	29	8.8391e+09	-2.5224e+07	63278	-0.30118	0.99982	850
11	29	4.9671e+09	-1.7694e+06	31452	-0.18764	0.99909	851
12	29	5.1177e+09	2.2569e+05	20961	-0.085379	0.99899	852
13	29	3.7332e+09	-1.2503e+06	29631	-0.3746	0.99954	853
14	29	5.8068e+09	-1.1716e+07	36374	-1.0098	0.99831	854
15	29	7.5492e+09	-1.7139e+07	36412	-1.0703	0.99875	855
16	29	7.303e+09	-1.7573e+07	37601	-1.1857	0.99831	856
17	29	7.5011e+09	-1.9609e+07	38375	-1.3708	0.99871	857
18	29	8.1213e+09	-2.1564e+07	37297	-0.81099	0.99848	858
19	29	7.8438e+09	-2.2101e+07	37067	-0.83078	0.99804	859
20	29	8.0072e+09	-2.3127e+07	43237	-0.98914	0.99835	860
21	29	7.6333e+09	-1.1449e+07	30990	-0.71985	0.9992	861
22	29	8.3626e+09	-1.6531e+07	38381	-0.91591	0.99861	862
23	29	7.8489e+09	-1.3318e+07	34513	-0.68958	0.99931	863
24	29	7.4145e+09	-1.1176e+07	32526	-0.76698	0.99959	864
25	29	7.8987e+09	-1.3919e+07	34182	-0.79462	0.99886	865
26	29	9.0058e+09	-1.866e+07	36585	-0.93386	0.99905	866
27	29	7.9485e+09	-1.6957e+07	39613	-1.1609	0.99895	867
28	29	7.6234e+09	-1.4459e+07	35022	-0.9051	0.99934	868
29	29	8.3276e+09	-1.4903e+07	35333	-0.91559	0.99942	869
30	29	7.7125e+09	-1.3877e+07	44238	-1.14	0.99917	870
1	30	9.8241e+09	-1.6076e+07	32419	-0.5151	0.99935	871
2	30	6.2417e+09	-6.4717e+06	32316	-0.57788	0.99953	872
3	30	8.7726e+09	-1.5721e+07	36195	-0.85017	0.99901	873
4	30	7.9436e+09	-1.4305e+07	34624	-0.96816	0.99711	874
5	30	4.0057e+09	-1.5973e+06	24079	-0.75418	0.99959	875
6	30	8.2808e+09	-2.5938e+07	59295	-2.3813	0.99962	876
7	30	1.3156e+10	-3.1929e+07	28280	-0.42844	0.998	877
8	30	9.1492e+09	-2.8789e+07	61772	0.52482	0.9994	878
9	30	5.4139e+09	-7.183e+06	35445	-0.82444	0.99865	879
10	30	6.5424e+09	-1.7893e+07	60026	-0.38076	0.99993	880
11	30	5.2295e+09	-5.8686e+06	27414	-0.31808	0.99925	881
12	30	3.4816e+09	2.1394e+06	17009	-0.11889	0.99837	882
13	30	3.8804e+09	-7.1975e+06	40274	-0.74691	0.9998	883
14	30	5.6902e+09	-1.366e+07	37855	-1.2089	0.99812	884
15	30	5.423e+09	-1.1884e+07	30983	-0.80645	0.99903	885
16	30	5.6964e+09	-1.4958e+07	32680	-1.0775	0.99922	886
17	30	4.6915e+09	-1.1205e+07	32813	-0.88823	0.99841	887
18	30	5.0891e+09	-1.2106e+07	31990	-0.67376	0.99942	888
19	30	6.9172e+09	-2.1608e+07	35792	-0.81	0.99823	889
20	30	5.039e+09	-1.3244e+07	34711	-0.64267	0.99899	890
21	30	6.5906e+09	-1.1611e+07	32269	-0.87307	0.99939	891
22	30	6.079e+09	-1.0906e+07	33899	-0.75389	0.99929	892
23	30	7.003e+09	-1.3396e+07	33619	-0.86441	0.99891	893
24	30	5.8283e+09	-9.3435e+06	33660	-0.83942	0.99951	894
25	30	7.2081e+09	-1.4961e+07	34889	-0.8295	0.99936	895
26	30	7.3435e+09	-1.5425e+07	32019	-0.73464	0.99932	896
27	30	6.6077e+09	-1.3615e+07	35909	-1.0685	0.99902	897
28	30	5.7621e+09	-1.0418e+07	34932	-0.7772	0.99958	898
29	30	6.5622e+09	-1.0508e+07	31543	-0.65005	0.99971	899
30	30	5.3897e+09	-6.8588e+06	39693	-0.85566	0.99953	900
1	31	8.5717e+09	-1.7502e+07	37022	-0.86625	0.99883	901
2	31	7.6475e+09	-1.3979e+07	30585	-0.65805	0.99892	902
3	31	6.7294e+09	-1.2215e+07	33413	-0.86619	0.99883	903
4	31	7.3282e+09	-1.8846e+07	36367	-1.2891	0.99728	904
5	31	6.4499e+09	-1.5369e+07	32625	-1.5058	0.99873	905
6	31	6.1838e+09	-1.9856e+07	55951	-2.0707	0.9995	906
7	31	7.9938e+09	-1.4519e+07	15215	-0.090248	0.99875	907
8	31	6.4997e+09	-2.0549e+07	50973	-0.11218	0.99957	908
9	31	4.4697e+09	-6.4017e+06	30231	-0.75302	0.99895	909
10	31	4.7483e+09	-1.0374e+07	46436	-0.86154	0.99963	910
11	31	3.4469e+09	-5.1725e+06	32981	-0.34747	0.99936	911
12	31	4.3866e+09	-6.4917e+06	22569	-0.46316	0.9992	912
13	31	3.2257e+09	-7.0448e+06	39382	-0.54321	0.99959	913
14	31	5.5268e+09	-1.2534e+07	26613	-0.39419	0.99882	914
15	31	4.7169e+09	-1.1347e+07	34214	-0.99457	0.99895	915
16	31	4.3697e+09	-9.6113e+06	32132	-0.97057	0.99924	916
17	31	4.522e+09	-1.0183e+07	28112	-0.62812	0.99913	917
18	31	4.727e+09	-1.1631e+07	30034	-0.61319	0.99931	918
19	31	4.2109e+09	-8.1303e+06	23876	-0.45945	0.99945	919
20	31	4.4466e+09	-1.1179e+07	35083	-0.48632	0.99948	920
21	31	5.0012e+09	-6.9113e+06	32686	-0.67946	0.99964	921
22	31	5.9286e+09	-1.119e+07	33932	-0.73728	0.99868	922
23	31	6.2086e+09	-1.3303e+07	36336	-0.91082	0.99932	923
24	31	5.1005e+09	-8.1108e+06	32644	-0.70892	0.99954	924
25	31	5.3796e+09	-9.301e+06	29759	-0.56605	0.9992	925
26	31	6.3259e+09	-1.2799e+07	35407	-0.91226	0.99927	926
27	31	4.8294e+09	-6.525e+06	30264	-0.66066	0.99926	927
28	31	4.8694e+09	-7.086e+06	33646	-0.70491	0.99958	928
29	31	5.8335e+09	-8.4154e+06	31871	-0.59074	0.9996	929
30	31	4.3149e+09	-3.334e+06	41252	-0.78137	0.99958	930
1	32	2.5239e+09	2.7987e+06	26134	-0.54224	0.99944	931
2	32	3.2368e+09	-1.4086e+06	34979	-0.87457	0.99954	932
3	32	4.1794e+09	-3.6973e+06	31702	-0.5943	0.9993	933
4	32	3.7389e+09	-4.5545e+06	34183	-0.9398	0.99951	934
5	32	2.5523e+09	-1.1141e+05	29721	-0.79563	0.99964	935
6	32	5.8527e+09	-2.1495e+07	69461	0.24224	0.99924	936
7	32	2.4423e+09	3.072e+06	27369	-0.56599	0.9997	937
8	32	6.3225e+09	-1.9167e+07	60641	0.30007	0.99971	938
9	32	2.2253e+09	1.4764e+06	34004	-0.723	0.99917	939
10	32	3.9583e+09	-1.0547e+07	63911	-0.54842	0.9998	940
11	32	4.0416e+09	-8.1664e+06	41940	-0.70661	0.99963	941
12	32	1.4975e+09	2.6293e+06	31803	-0.39583	0.99955	942
13	32	2.6714e+09	-4.9731e+06	41775	-0.49115	0.99965	943
14	32	2.2432e+09	1.8447e+06	23544	-0.44228	0.99912	944
15	32	3.4596e+09	-6.5866e+06	40257	-1.0257	0.9995	945
16	32	3.402e+09	-6.0329e+06	40097	-0.83932	0.99954	946
17	32	2.4613e+09	-2.1811e+06	33646	-0.39922	0.99974	947
18	32	2.2042e+09	-3.2516e+05	30611	-0.25825	0.99944	948
19	32	2.3663e+09	3619.4	30377	-0.39998	0.99945	949
20	32	3.2061e+09	-6.662e+06	48088	-0.45583	0.99962	950
21	32	2.6474e+09	9.2654e+05	28139	-0.46133	0.99932	951
22	32	4.0173e+09	-5.7856e+06	35425	-0.89519	0.99974	952
23	32	4.0944e+09	-5.9792e+06	35062	-0.80089	0.99967	953
24	32	3.6903e+09	-4.2808e+06	34013	-0.60919	0.99921	954
25	32	4.9136e+09	-8.4068e+06	33581	-0.87183	0.99939	955
26	32	5.1904e+09	-7.9171e+06	33431	-0.88022	0.99959	956
27	32	4.5773e+09	-6.0105e+06	38122	-0.85651	0.99958	957
28	32	3.5208e+09	-1.5059e+06	34683	-0.56986	0.99981	958
29	32	4.8578e+09	-5.6176e+06	37039	-0.70648	0.99978	959
30	32	3.2761e+09	9.2123e+05	43461	-0.76708	0.99946	960
