1	1	2.5174e+12	-1.5231e+09	3.0696e+05	-2.4427	0.99834	1
2	1	1.5208e+10	1.1252e+08	24742	-0.1353	0.99932	2
3	1	2.6476e+10	9.8998e+07	23369	-0.20944	0.9988	3
4	1	6.4301e+10	3.2663e+07	42034	-0.56033	0.99946	4
5	1	6.1463e+10	3.2615e+07	45969	-0.67994	0.99966	5
6	1	7.0392e+10	3.5882e+06	62315	-0.58669	0.99962	6
7	1	1.0141e+11	-4.4208e+07	78349	-0.84382	0.9993	7
8	1	8.9288e+10	-1.8633e+07	68300	-0.74903	0.99949	8
9	1	9.4353e+10	-1.6428e+07	61728	-0.49066	0.99982	9
10	1	2.2966e+10	9.4053e+07	42244	-0.74246	0.99929	10
11	1	6.6291e+10	3.0995e+07	54747	-1.4033	0.9998	11
12	1	5.7632e+10	4.0296e+07	46174	-0.9433	0.99991	12
13	1	9.3152e+10	-3.9097e+07	83360	-1.1322	0.99973	13
14	1	6.9943e+10	-9.1348e+05	69816	-1.1661	0.99942	14
15	1	9.4486e+10	-5.1753e+07	95521	-1.3957	0.99947	15
16	1	1.0666e+11	-7.8345e+07	1.1212e+05	-0.8865	0.99976	16
17	1	1.0372e+11	-6.4517e+07	1.0712e+05	-0.31103	0.99972	17
18	1	1.0314e+11	-6.3183e+07	1.0656e+05	-0.29306	0.99965	18
19	1	5.9242e+10	1.8398e+07	68356	-0.36552	0.99981	19
20	1	8.4475e+10	-5.8549e+06	76896	-0.25818	0.99986	20
21	1	9.2472e+10	7.2998e+06	37072	-0.58456	0.99954	21
22	1	3.7128e+10	9.642e+07	-6225.1	0.24275	0.99982	22
23	1	7.9114e+10	1.579e+07	33558	-0.7655	0.99968	23
24	1	3.5448e+10	1.0298e+08	-14104	0.29492	0.99964	24
25	1	-2.046e+10	2.2584e+08	-81299	2.5093	0.99916	25
26	1	5.9346e+10	7.6694e+07	-9658.8	0.32637	0.99957	26
27	1	7.3291e+10	4.9115e+07	7264.8	0.0072016	0.99961	27
28	1	-6.2324e+08	1.7967e+08	-45159	1.2156	0.99943	28
29	1	6.696e+10	4.5897e+07	30908	-0.81544	0.99957	29
30	1	6.6384e+10	5.6506e+07	28146	-0.56054	0.99983	30
1	2	3.522e+11	-2.5031e+08	95291	-0.49765	0.99853	31
2	2	1.2172e+11	2.5796e+06	23943	0.13113	0.99834	32
3	2	8.2428e+10	8.0512e+07	-15182	0.30047	0.99842	33
4	2	9.6502e+10	1.0881e+07	27035	-0.15464	0.99967	34
5	2	9.3223e+10	6.9622e+06	39195	-0.17807	0.99971	35
6	2	7.5881e+10	5.1091e+06	55914	-0.32514	0.99957	36
7	2	1.1599e+11	-6.6253e+07	86756	-0.72688	0.99966	37
8	2	1.1703e+11	-5.9131e+07	84787	-0.86939	0.9993	38
9	2	1.0708e+11	-3.7751e+07	74718	-0.44968	0.9998	39
10	2	2.1536e+10	9.3323e+07	49637	-0.56198	0.99955	40
11	2	1.079e+11	-4.4889e+07	96906	-1.6539	0.99988	41
12	2	6.6509e+10	1.8093e+07	65594	-1.1482	0.99984	42
13	2	9.2337e+10	-4.0394e+07	91083	-1.227	0.9998	43
14	2	1.0577e+11	-6.6375e+07	1.0543e+05	-1.63	0.99935	44
15	2	1.1056e+11	-8.0569e+07	1.14e+05	-1.7042	0.99926	45
16	2	9.9145e+10	-6.1353e+07	1.0881e+05	-1.308	0.99975	46
17	2	8.8453e+10	-3.5631e+07	99138	-0.60055	0.99984	47
18	2	9.2071e+10	-4.0139e+07	1.0095e+05	-0.85304	0.99969	48
19	2	7.0361e+10	7.3877e+05	81516	-0.61049	0.99976	49
20	2	9.1232e+10	-1.1848e+07	84751	-0.59142	0.99981	50
21	2	1.3584e+11	-5.8e+07	63115	-1.1622	0.9993	51
22	2	4.8304e+10	9.8553e+07	-15194	0.60152	0.99896	52
23	2	5.1909e+10	7.6534e+07	4616.3	-0.0448	0.99951	53
24	2	7.255e+10	2.2257e+07	36532	-1.0042	0.9995	54
25	2	2.3268e+10	1.2849e+08	-19065	0.29014	0.99951	55
26	2	6.5066e+10	8.1281e+07	-14869	0.47157	0.99964	56
27	2	6.5685e+10	8.9156e+07	-19370	0.56422	0.99973	57
28	2	3.9939e+10	1.2413e+08	-24369	0.61263	0.99953	58
29	2	3.1444e+10	1.5154e+08	-33721	0.78099	0.99922	59
30	2	6.5661e+10	1.1564e+08	-22903	0.54525	0.99949	60
1	3	1.9409e+11	-1.1636e+08	75218	-0.6591	0.99898	61
2	3	1.2827e+11	-3.3811e+07	48249	-0.53509	0.99909	62
3	3	1.2201e+11	1.5299e+07	3960	0.14152	0.99775	63
4	3	1.4751e+11	-8.0265e+07	61933	-1.3024	0.99927	64
5	3	1.459e+11	-8.4893e+07	71651	-1.1042	0.9994	65
6	3	9.0307e+10	-1.0372e+07	50193	-0.69741	0.99959	66
7	3	1.3259e+11	-8.368e+07	80424	-0.89617	0.99939	67
8	3	1.3186e+11	-7.8277e+07	81442	-0.94075	0.99921	68
9	3	1.1876e+11	-5.2024e+07	69976	-0.68215	0.99975	69
10	3	5.2721e+10	5.3924e+07	53264	-0.48407	0.99953	70
11	3	1.1779e+11	-4.0158e+07	70833	-0.99725	0.9998	71
12	3	9.8299e+10	-1.5929e+07	55944	-0.63476	0.99982	72
13	3	1.0054e+11	-3.398e+07	64935	-0.81715	0.99946	73
14	3	1.0675e+11	-5.4089e+07	79985	-1.172	0.99924	74
15	3	1.2412e+11	-9.3125e+07	1.0135e+05	-1.1999	0.99914	75
16	3	8.4505e+10	-2.2583e+07	72963	-0.77571	0.99955	76
17	3	8.6535e+10	-1.1467e+07	67186	-0.446	0.99983	77
18	3	1.0658e+11	-5.0217e+07	86086	-0.65791	0.99974	78
19	3	7.6874e+10	1.0936e+07	55692	-0.71123	0.99972	79
20	3	8.0767e+10	2.5364e+07	47360	-0.30685	0.99969	80
21	3	1.0046e+11	-6.0965e+06	43015	-0.82026	0.9998	81
22	3	8.1574e+10	5.4151e+06	42282	-0.73382	0.99987	82
23	3	6.0046e+10	5.3364e+07	14257	-0.40489	0.99929	83
24	3	5.6528e+10	6.7591e+07	-1653.2	-0.137	0.99911	84
25	3	1.0088e+11	1.3332e+07	8581.2	-0.18332	0.99958	85
26	3	1.4238e+11	-1.2398e+07	-9715.7	0.39161	0.99794	86
27	3	1.2728e+11	8.4405e+06	-11686	0.45463	0.99831	87
28	3	8.7868e+10	5.3035e+07	-10191	0.31888	0.99904	88
29	3	8.6512e+10	5.2951e+07	1763.9	-0.11333	0.99911	89
30	3	1.2309e+11	6.8699e+06	21448	-0.31193	0.99981	90
1	4	1.1686e+11	-2.49e+07	50391	-0.31078	0.99975	91
2	4	8.9948e+10	2.8345e+05	46989	-0.46135	0.99947	92
3	4	1.3964e+11	-7.3544e+07	68558	-1.1853	0.99848	93
4	4	1.4384e+11	-8.7823e+07	62449	-1.3592	0.99944	94
5	4	1.2737e+11	-3.653e+07	29469	-0.52356	0.99855	95
6	4	9.3718e+10	-4.7301e+05	23031	-0.38889	0.99922	96
7	4	1.3573e+11	-8.696e+07	67552	-1.8369	0.99958	97
8	4	1.486e+11	-1.1117e+08	84086	-1.6396	0.99928	98
9	4	1.4268e+11	-1.0336e+08	84198	-1.0884	0.99937	99
10	4	8.326e+10	-2.6432e+06	67450	-0.58894	0.99965	100
11	4	1.15e+11	-4.6425e+07	58448	-0.68445	0.99934	101
12	4	1.1913e+11	-6.8578e+07	67136	-0.76537	0.9995	102
13	4	1.0474e+11	-3.6341e+07	41197	-0.56955	0.99978	103
14	4	1.4302e+11	-1.1275e+08	82000	-1.7804	0.99937	104
15	4	1.3827e+11	-1.1163e+08	84934	-1.4442	0.99863	105
16	4	8.6217e+10	-7.9313e+06	36507	-0.48177	0.99966	106
17	4	9.284e+10	-4.0302e+06	32913	-0.097904	0.99968	107
18	4	1.0181e+11	-3.5302e+07	57759	-0.40045	0.99976	108
19	4	9.861e+10	-4.5257e+07	73202	-0.63518	0.99947	109
20	4	1.0839e+11	-4.5406e+07	73135	-0.56199	0.99956	110
21	4	9.3678e+10	-1.1406e+07	45043	-0.67755	0.99957	111
22	4	6.8297e+10	2.4289e+07	27713	-0.34928	0.99985	112
23	4	5.4e+10	5.6296e+07	8167.2	-0.21108	0.99905	113
24	4	7.6228e+10	1.6677e+07	20841	-0.44049	0.99932	114
25	4	8.4804e+10	2.3606e+07	4942.7	-0.054674	0.9997	115
26	4	1.2083e+11	-1.8145e+07	8423.3	-0.073568	0.99969	116
27	4	1.5083e+11	-7.8982e+07	43852	-0.6583	0.99994	117
28	4	7.4785e+10	5.1698e+07	-5428	0.055653	0.99941	118
29	4	1.0398e+11	9.5117e+06	17606	-0.51754	0.99922	119
30	4	9.112e+10	6.8505e+07	-21212	0.48972	0.99902	120
1	5	1.0994e+11	-8.4894e+06	29865	0.0099495	0.99918	121
2	5	8.8616e+10	1.0687e+07	29280	-0.2732	0.99947	122
3	5	1.2935e+11	-7.4419e+07	70784	-1.3908	0.99908	123
4	5	1.1615e+11	-5.755e+07	53616	-1.4722	0.9995	124
5	5	1.21e+11	-6.151e+07	54508	-0.96669	0.99888	125
6	5	1.0625e+11	-4.9975e+07	54919	-1.247	0.99946	126
7	5	1.5014e+11	-1.3271e+08	91377	-2.371	0.99915	127
8	5	1.4794e+11	-1.1833e+08	82851	-1.1672	0.99929	128
9	5	1.5244e+11	-1.1448e+08	73943	-0.60704	0.99973	129
10	5	4.8964e+10	7.187e+07	17543	-0.27458	0.99983	130
11	5	1.1921e+11	-5.4697e+07	52698	-0.56364	0.99945	131
12	5	1.2613e+11	-8.3489e+07	66136	-0.93379	0.99936	132
13	5	1.4402e+11	-1.2523e+08	82041	-1.6612	0.99924	133
14	5	1.5683e+11	-1.4512e+08	90273	-2.5871	0.99905	134
15	5	1.6362e+11	-1.591e+08	94723	-1.799	0.99911	135
16	5	1.2619e+11	-7.0245e+07	44145	-0.70164	0.99907	136
17	5	1.2361e+11	-4.2337e+07	25266	-0.15047	0.99847	137
18	5	1.0011e+11	-1.8182e+07	27773	-0.19665	0.99941	138
19	5	1.216e+11	-9.1902e+07	84920	-0.91312	0.99891	139
20	5	1.3481e+11	-9.9368e+07	88291	-0.85618	0.99925	140
21	5	9.5874e+10	-7.2238e+06	26523	-0.34923	0.99963	141
22	5	7.8228e+10	2.9061e+06	28174	-0.33063	0.99967	142
23	5	7.3469e+10	1.1288e+07	24891	-0.49754	0.99914	143
24	5	6.737e+10	2.1197e+07	18334	-0.56763	0.99903	144
25	5	7.6661e+10	1.0246e+07	20656	-0.5109	0.99953	145
26	5	9.9554e+10	-5.6307e+06	10666	-0.22705	0.99984	146
27	5	1.1525e+11	-2.9924e+07	22253	-0.50158	0.99988	147
28	5	6.7112e+10	5.9291e+07	-13723	0.31582	0.9994	148
29	5	1.1078e+11	-1.3467e+07	24256	-0.51557	0.9995	149
30	5	1.0516e+11	2.8249e+07	-6141.3	0.36316	0.9989	150
1	6	1.2046e+11	-4.4827e+07	44053	-0.041452	0.99934	151
2	6	9.0173e+10	-4.546e+06	31464	-0.096105	0.99928	152
3	6	1.2132e+11	-6.8253e+07	59938	-0.60868	0.99848	153
4	6	1.1872e+11	-6.5494e+07	46129	-0.79948	0.99882	154
5	6	1.321e+11	-9.1196e+07	60875	-0.88286	0.9993	155
6	6	1.1758e+11	-8.137e+07	63153	-1.5443	0.99923	156
7	6	1.5341e+11	-1.4793e+08	91785	-3.3232	0.99898	157
8	6	1.5541e+11	-1.3992e+08	83374	-2.2458	0.99909	158
9	6	1.713e+11	-1.5491e+08	79919	-0.71856	0.99959	159
10	6	8.6165e+10	7.2502e+06	30121	-0.06226	0.99968	160
11	6	1.2508e+11	-8.1518e+07	62863	-0.71006	0.99942	161
12	6	1.1183e+11	-7.1708e+07	58324	-0.66787	0.99915	162
13	6	1.3088e+11	-1.2229e+08	82644	-1.486	0.99907	163
14	6	1.3518e+11	-1.2928e+08	85102	-1.7646	0.99865	164
15	6	1.4e+11	-1.3303e+08	81105	-1.393	0.99887	165
16	6	1.3469e+11	-1.0914e+08	62274	-1.2422	0.99955	166
17	6	1.4518e+11	-1.0891e+08	55948	-0.94074	0.99866	167
18	6	1.214e+11	-5.9599e+07	31989	-0.59498	0.99898	168
19	6	1.176e+11	-8.1881e+07	63940	-1.3999	0.99945	169
20	6	1.5146e+11	-1.3067e+08	86124	-0.8352	0.99896	170
21	6	1.0832e+11	-3.944e+07	33799	-0.4974	0.99972	171
22	6	8.9152e+10	-2.5879e+07	34918	-0.50502	0.99957	172
23	6	7.4461e+10	9.8332e+05	23618	-0.43958	0.99919	173
24	6	7.3444e+10	-5.2977e+06	29548	-0.82201	0.99886	174
25	6	8.302e+10	-2.2346e+07	37711	-0.95092	0.99894	175
26	6	1.1704e+11	-5.8968e+07	34993	-0.85499	0.9998	176
27	6	1.1349e+11	-3.8126e+07	18709	-0.35623	0.99966	177
28	6	9.5692e+10	-1.4325e+06	3924.4	0.0042261	0.99939	178
29	6	1.02e+11	-6.3975e+06	10394	-0.22961	0.99895	179
30	6	1.3902e+11	-4.3309e+07	16325	-0.25331	0.99939	180
1	7	1.2307e+11	-5.9892e+07	51609	-0.10806	0.999	181
2	7	9.7148e+10	-2.6735e+07	42034	-0.15298	0.99941	182
3	7	1.0692e+11	-3.627e+07	37579	-0.21847	0.99862	183
4	7	1.2199e+11	-8.2042e+07	56434	-0.50233	0.99927	184
5	7	1.1915e+11	-7.6462e+07	56399	-0.52103	0.9993	185
6	7	9.4105e+10	-5.0407e+07	54378	-0.82341	0.99942	186
7	7	1.1998e+11	-9.681e+07	73307	-2.4545	0.9993	187
8	7	1.3833e+11	-1.2276e+08	84312	-2.6179	0.99906	188
9	7	1.4162e+11	-1.1851e+08	75087	-1.318	0.99939	189
10	7	1.0534e+11	-4.9467e+07	65935	-0.45025	0.99946	190
11	7	1.2409e+11	-7.972e+07	55135	-0.54172	0.99953	191
12	7	1.1832e+11	-9.1631e+07	66722	-0.86217	0.99929	192
13	7	1.2356e+11	-1.1635e+08	81002	-1.4166	0.99908	193
14	7	1.3836e+11	-1.4441e+08	94493	-1.8158	0.99847	194
15	7	1.2468e+11	-1.1334e+08	74846	-1.2041	0.99891	195
16	7	1.15e+11	-8.4694e+07	57111	-0.93261	0.99941	196
17	7	1.3163e+11	-9.776e+07	58081	-0.88341	0.99963	197
18	7	1.1469e+11	-7.2968e+07	52727	-1.1663	0.9998	198
19	7	1.0699e+11	-7.1553e+07	62481	-0.87147	0.99918	199
20	7	1.3305e+11	-1.0435e+08	76373	-0.81085	0.99937	200
21	7	1.2553e+11	-6.7501e+07	35745	-0.5013	0.99982	201
22	7	9.5405e+10	-4.0945e+07	36148	-0.67629	0.99955	202
23	7	7.6731e+10	-9.4917e+06	25373	-0.53804	0.9992	203
24	7	7.2134e+10	-8.844e+06	28249	-0.7407	0.99872	204
25	7	8.436e+10	-2.1579e+07	28461	-0.67093	0.9991	205
26	7	1.1901e+11	-6.8516e+07	36519	-0.7755	0.99987	206
27	7	1.2357e+11	-6.4478e+07	29879	-0.54176	0.99984	207
28	7	6.3956e+10	4.6508e+07	-15618	0.39405	0.99878	208
29	7	7.3909e+10	3.3592e+07	-3800.9	0.064455	0.99893	209
30	7	9.6283e+10	5.0717e+06	9125.5	-0.1547	0.99965	210
1	8	9.9989e+10	-3.4256e+07	48020	-0.07669	0.99915	211
2	8	6.5858e+10	1.9463e+07	25928	-0.015346	0.99864	212
3	8	9.0174e+10	-1.7648e+07	33816	-0.072083	0.99848	213
4	8	1.0726e+11	-6.6192e+07	53592	-0.4449	0.99902	214
5	8	9.2769e+10	-3.5203e+07	39846	-0.27333	0.99912	215
6	8	7.3931e+10	-1.8884e+07	41277	-0.78941	0.99944	216
7	8	1.152e+11	-1.0291e+08	83326	-2.6428	0.99923	217
8	8	1.3213e+11	-1.2926e+08	96066	-2.4405	0.99872	218
9	8	1.1388e+11	-8.4892e+07	68489	-1.0034	0.99963	219
10	8	1.0283e+11	-5.815e+07	75941	-0.55949	0.99968	220
11	8	9.6453e+10	-5.3575e+07	55685	-0.56412	0.99963	221
12	8	9.8747e+10	-7.3443e+07	66299	-0.9466	0.99933	222
13	8	1.1718e+11	-1.2074e+08	88923	-1.6694	0.99878	223
14	8	1.3105e+11	-1.4473e+08	97632	-2.1423	0.99838	224
15	8	1.1771e+11	-1.0964e+08	71022	-1.3667	0.99834	225
16	8	1.2822e+11	-1.2413e+08	74891	-1.368	0.99934	226
17	8	1.4479e+11	-1.3621e+08	72231	-1.291	0.99936	227
18	8	1.2934e+11	-1.072e+08	59782	-1.1273	0.99973	228
19	8	1.2374e+11	-1.1163e+08	73118	-0.85176	0.99956	229
20	8	1.6338e+11	-1.6815e+08	96028	-0.90441	0.99935	230
21	8	1.4077e+11	-1.0858e+08	49624	-1.0484	0.99892	231
22	8	1.0403e+11	-4.9095e+07	23180	-0.41982	0.99927	232
23	8	8.4782e+10	-2.9048e+07	28585	-0.76168	0.99928	233
24	8	7.3417e+10	-2.5669e+07	38242	-1.2238	0.99896	234
25	8	6.1659e+10	1.5962e+07	7522.6	-0.3035	0.99947	235
26	8	1.1912e+11	-8.7194e+07	50760	-1.3025	0.99954	236
27	8	1.1952e+11	-8.4909e+07	50888	-1.1228	0.99986	237
28	8	8.038e+10	-4.4006e+06	13688	-0.33561	0.99929	238
29	8	7.2051e+10	2.7773e+07	-4088	0.13801	0.99911	239
30	8	9.4437e+10	3.4042e+06	2595.9	0.023925	0.99949	240
1	9	6.3684e+10	2.0188e+07	27472	-0.043583	0.99931	241
2	9	5.9599e+10	1.1868e+07	38440	-0.27046	0.99894	242
3	9	6.5326e+10	-4.7754e+06	46417	-0.96249	0.99871	243
4	9	9.0058e+10	-5.8477e+07	64122	-1.6818	0.99886	244
5	9	7.8434e+10	-2.7477e+07	45309	-1.1301	0.9991	245
6	9	7.4315e+10	-3.1467e+07	50737	-1.4883	0.9995	246
7	9	1.0189e+11	-8.5963e+07	75373	-2.7167	0.99915	247
8	9	1.0559e+11	-9.059e+07	78296	-1.7725	0.99957	248
9	9	1.0954e+11	-8.4041e+07	65115	-0.91381	0.99959	249
10	9	7.8621e+10	-1.78e+07	52658	-0.2652	0.99963	250
11	9	7.2414e+10	-2.6899e+07	56791	-0.8543	0.99946	251
12	9	7.6677e+10	-4.659e+07	65222	-1.0738	0.99947	252
13	9	9.31e+10	-8.369e+07	77077	-1.5033	0.99922	253
14	9	1.048e+11	-1.0103e+08	80872	-1.8238	0.99929	254
15	9	9.4669e+10	-7.1706e+07	57160	-1.3507	0.99917	255
16	9	1.1042e+11	-9.7384e+07	66467	-1.5072	0.99925	256
17	9	1.1461e+11	-8.8676e+07	56227	-0.91643	0.99926	257
18	9	1.1227e+11	-8.7321e+07	59452	-1.402	0.99961	258
19	9	9.4233e+10	-7.1016e+07	65637	-1.2293	0.99961	259
20	9	1.2324e+11	-1.1188e+08	82795	-0.83605	0.99942	260
21	9	1.1301e+11	-6.0359e+07	30922	-0.49051	0.99965	261
22	9	8.7431e+10	-3.7499e+07	31948	-0.50566	0.99966	262
23	9	6.5172e+10	-2.5886e+05	21299	-0.43677	0.99946	263
24	9	6.1716e+10	-8.6301e+06	34190	-0.94382	0.99877	264
25	9	4.8476e+10	3.1213e+07	6588.3	-0.18184	0.99956	265
26	9	8.4349e+10	-3.5558e+07	35991	-0.66643	0.99994	266
27	9	9.3119e+10	-5.2881e+07	47443	-0.8349	0.99976	267
28	9	5.9569e+10	1.7974e+07	14438	-0.37629	0.9995	268
29	9	5.4099e+10	4.3751e+07	-601.61	-0.0082058	0.99879	269
30	9	7.1632e+10	2.1072e+07	9352.4	-0.20238	0.99962	270
1	10	4.8468e+10	3.0283e+07	24924	0.18319	0.9991	271
2	10	4.8302e+10	1.2911e+07	42343	0.021196	0.99919	272
3	10	4.3685e+10	2.045e+07	36401	-0.23462	0.99905	273
4	10	6.0063e+10	-1.7821e+07	47151	-0.39383	0.99971	274
5	10	6.6717e+10	-2.6598e+07	50240	-0.47622	0.99911	275
6	10	5.7861e+10	-1.8569e+07	48174	-0.39809	0.99981	276
7	10	7.0764e+10	-3.9249e+07	52584	-0.67787	0.99942	277
8	10	8.0919e+10	-5.5491e+07	60528	-0.88316	0.99943	278
9	10	8.5442e+10	-6.2062e+07	62243	-0.86462	0.99939	279
10	10	9.0228e+10	-7.0236e+07	86698	-1.0368	0.99942	280
11	10	6.9255e+10	-2.922e+07	58238	-1.0501	0.99935	281
12	10	5.8442e+10	-1.3109e+07	45782	-0.8031	0.99956	282
13	10	8.4955e+10	-7.223e+07	70889	-1.2411	0.99948	283
14	10	9.0471e+10	-7.9103e+07	70227	-1.0826	0.99901	284
15	10	8.1593e+10	-5.1698e+07	47868	-0.70385	0.99894	285
16	10	8.6828e+10	-5.9468e+07	51046	-0.99921	0.99952	286
17	10	9.2697e+10	-6.3173e+07	52051	-0.53283	0.99931	287
18	10	8.2981e+10	-4.3052e+07	43699	-0.44404	0.99944	288
19	10	6.8837e+10	-2.3451e+07	41258	-0.42421	0.99978	289
20	10	9.6778e+10	-6.1499e+07	56590	-0.52862	0.9997	290
21	10	6.575e+10	-8.9962e+06	33777	-0.62244	0.99976	291
22	10	3.8442e+10	3.6483e+07	11138	-0.021535	0.99982	292
23	10	3.2219e+10	4.4243e+07	10710	-0.20096	0.99938	293
24	10	3.8681e+10	2.8435e+07	17710	-0.48613	0.99912	294
25	10	3.8049e+10	3.9518e+07	5080.2	-0.16034	0.99946	295
26	10	8.1027e+10	-4.1681e+07	39414	-0.4585	0.99982	296
27	10	7.4932e+10	-2.056e+07	25333	-0.33757	0.99985	297
28	10	7.0422e+10	-1.5398e+07	29234	-0.5189	0.99955	298
29	10	6.0024e+10	2.158e+07	7253.8	-0.19816	0.99921	299
30	10	6.445e+10	2.6073e+07	897.39	0.073392	0.99958	300
1	11	4.3857e+10	3.0225e+07	23981	0.11411	0.99923	301
2	11	4.0638e+10	2.0705e+07	36478	0.061339	0.99946	302
3	11	4.7602e+10	6.4049e+06	40171	-0.29659	0.99865	303
4	11	5.874e+10	-2.2172e+07	46808	-0.41839	0.99903	304
5	11	7.1618e+10	-4.8151e+07	60664	-0.52656	0.99886	305
6	11	6.6333e+10	-4.201e+07	55502	-0.45387	0.99933	306
7	11	7.2456e+10	-4.9158e+07	52685	-0.52915	0.99932	307
8	11	8.0369e+10	-6.037e+07	57983	-0.51425	0.9994	308
9	11	9.2128e+10	-8.5189e+07	70027	-0.68275	0.99963	309
10	11	7.1171e+10	-4.1134e+07	67586	0.012844	0.99959	310
11	11	5.7916e+10	1.9977e+06	30268	-0.34225	0.99962	311
12	11	7.3954e+10	-4.8981e+07	61061	-1.0066	0.99959	312
13	11	8.1352e+10	-7.4713e+07	74462	-1.3747	0.99929	313
14	11	8.9454e+10	-8.4592e+07	74203	-1.3771	0.99919	314
15	11	7.0321e+10	-3.6375e+07	40767	-0.54871	0.99937	315
16	11	7.0501e+10	-2.626e+07	29971	-0.21469	0.99921	316
17	11	8.0601e+10	-3.7568e+07	35189	-0.085338	0.99909	317
18	11	7.0296e+10	-2.7693e+07	39754	-0.25777	0.99969	318
19	11	6.9709e+10	-4.1112e+07	58483	-0.52481	0.99945	319
20	11	8.2766e+10	-5.2898e+07	62650	-0.5926	0.99937	320
21	11	6.7326e+10	-2.4203e+07	46111	-1.0444	0.99954	321
22	11	3.017e+10	5.0967e+07	1820.1	0.0728	0.99973	322
23	11	3.7964e+10	3.7048e+07	6725.7	-0.084579	0.99955	323
24	11	3.802e+10	3.2324e+07	9378.2	-0.22512	0.99949	324
25	11	5.6559e+10	-1.3067e+07	39875	-1.0101	0.99957	325
26	11	6.3001e+10	-2.1907e+07	40154	-0.77037	0.99978	326
27	11	5.8844e+10	-1.3057e+07	37480	-0.87112	0.9998	327
28	11	5.8322e+10	-1.4932e+07	43932	-1.1379	0.99919	328
29	11	4.305e+10	4.1844e+07	3099.1	-0.07344	0.999	329
30	11	6.272e+10	2.6845e+07	-659.79	0.14935	0.99951	330
1	12	4.4702e+10	9.9666e+06	45372	-0.93508	0.99956	331
2	12	3.7526e+10	1.4983e+07	47273	-0.78464	0.99937	332
3	12	4.682e+10	-5.0754e+06	54200	-0.6492	0.99783	333
4	12	5.8393e+10	-3.2329e+07	58585	-0.7397	0.99887	334
5	12	5.5003e+10	-1.991e+07	49842	-0.54567	0.9986	335
6	12	5.0376e+10	-1.7855e+07	48597	-0.50316	0.99893	336
7	12	6.4366e+10	-4.4604e+07	58496	-0.71916	0.99922	337
8	12	7.0647e+10	-5.3556e+07	62685	-0.68453	0.9991	338
9	12	6.9508e+10	-4.7263e+07	56385	-0.69327	0.99944	339
10	12	6.6313e+10	-4.2293e+07	73470	-0.07719	0.99964	340
11	12	1.0153e+11	-7.4499e+07	48039	-0.63993	0.99977	341
12	12	8.5307e+10	-6.7532e+07	57855	-1.0598	0.99974	342
13	12	7.2864e+10	-6.137e+07	64814	-1.28	0.99917	343
14	12	6.8469e+10	-5.3424e+07	63007	-1.2941	0.99927	344
15	12	6.7031e+10	-5.3148e+07	64497	-1.3033	0.99868	345
16	12	6.9047e+10	-5.6971e+07	68128	-1.2513	0.99919	346
17	12	6.6525e+10	-3.9663e+07	56405	-0.74774	0.99949	347
18	12	5.8179e+10	-2.425e+07	50431	-0.59847	0.99965	348
19	12	5.7155e+10	-1.8199e+07	44278	-0.25402	0.99978	349
20	12	6.1852e+10	-1.0658e+07	36495	-0.16481	0.99946	350
21	12	4.5369e+10	1.6011e+07	24671	-0.55991	0.99991	351
22	12	5.2884e+10	-1.4502e+07	45741	-1.1524	0.99972	352
23	12	3.1666e+10	4.3053e+07	5206.6	-0.095593	0.99913	353
24	12	3.3488e+10	3.5015e+07	9596.2	-0.2992	0.99933	354
25	12	3.2305e+10	2.6893e+07	23358	-0.72859	0.99952	355
26	12	6.045e+10	-3.5752e+07	58433	-1.7079	0.99919	356
27	12	6.5477e+10	-4.5472e+07	64239	-1.7225	0.99917	357
28	12	6.6175e+10	-4.3092e+07	62231	-1.718	0.99898	358
29	12	4.4755e+10	3.8693e+07	-1819.9	0.16997	0.99911	359
30	12	9.0308e+10	-2.2724e+07	11654	0.050976	0.99813	360
1	13	6.886e+10	-2.7045e+07	43006	-1.1086	0.99948	361
2	13	4.8986e+10	2.8913e+06	34400	-1.3776	0.99916	362
3	13	5.8651e+10	-2.9391e+07	59378	-2.5035	0.99882	363
4	13	5.1055e+10	-1.4382e+07	43357	-1.6961	0.99887	364
5	13	5.1385e+10	-1.6129e+07	47756	-1.3604	0.99824	365
6	13	4.5882e+10	-2.056e+07	58534	-1.119	0.99938	366
7	13	6.0629e+10	-4.88e+07	69846	-1.2579	0.99876	367
8	13	6.0688e+10	-4.4784e+07	68156	-1.1636	0.99937	368
9	13	5.8277e+10	-3.3315e+07	57665	-0.86695	0.99949	369
10	13	4.7879e+10	-1.4926e+07	67777	-0.37266	0.99973	370
11	13	7.2977e+10	-4.2696e+07	49012	-1.4232	0.99963	371
12	13	6.9404e+10	-4.9991e+07	57022	-1.6754	0.99975	372
13	13	6.0423e+10	-3.2803e+07	42945	-0.98175	0.99967	373
14	13	6.3082e+10	-3.5272e+07	42713	-0.66649	0.9995	374
15	13	6.6352e+10	-5.4682e+07	61456	-0.99317	0.99954	375
16	13	6.6809e+10	-6.0233e+07	69904	-1.0751	0.99926	376
17	13	5.9555e+10	-3.6956e+07	57218	-0.581	0.99955	377
18	13	6.6102e+10	-4.973e+07	64422	-1.1617	0.99938	378
19	13	6.1759e+10	-3.3437e+07	50367	-0.44705	0.99975	379
20	13	7.0011e+10	-3.3541e+07	44991	-0.26392	0.9997	380
21	13	4.746e+10	5.7916e+05	37873	-0.66512	0.9997	381
22	13	3.9232e+10	7.1306e+06	36827	-0.56518	0.99988	382
23	13	2.9338e+10	3.8482e+07	12249	-0.17306	0.99924	383
24	13	3.2359e+10	3.2852e+07	11623	-0.21255	0.99946	384
25	13	4.2238e+10	-2.7765e+06	42260	-0.85391	0.99923	385
26	13	5.7221e+10	-2.846e+07	50505	-0.72629	0.99965	386
27	13	5.1609e+10	-1.1161e+07	40184	-0.65227	0.99961	387
28	13	5.1701e+10	-1.5038e+07	47566	-0.87647	0.99949	388
29	13	4.6187e+10	1.6181e+07	23466	-0.52227	0.99918	389
30	13	4.7631e+10	2.5705e+07	13583	-0.1162	0.99954	390
1	14	7.6269e+10	-5.4791e+07	54077	-0.63347	0.99958	391
2	14	6.2141e+10	-3.2816e+07	46957	-0.66416	0.99962	392
3	14	6.0598e+10	-2.8438e+07	42376	-0.53506	0.99838	393
4	14	5.5885e+10	-3.5395e+07	50690	-0.9255	0.99815	394
5	14	7.1817e+10	-7.4574e+07	78382	-1.521	0.99817	395
6	14	4.998e+10	-3.218e+07	55864	-1.1397	0.99908	396
7	14	5.3798e+10	-3.6178e+07	53367	-1.1316	0.99928	397
8	14	5.9559e+10	-4.5169e+07	58777	-1.5233	0.99909	398
9	14	5.2433e+10	-2.7863e+07	48393	-1.1582	0.9993	399
10	14	5.8679e+10	-4.4803e+07	77187	-0.49284	0.99973	400
11	14	6.6344e+10	-3.7211e+07	48789	-0.68597	0.99959	401
12	14	6.0815e+10	-4.1279e+07	56268	-1.4302	0.99955	402
13	14	5.3051e+10	-2.8938e+07	47189	-1.0362	0.99972	403
14	14	5.2794e+10	-3.0803e+07	50463	-1.2895	0.99945	404
15	14	5.9835e+10	-5.4101e+07	67221	-1.5226	0.99867	405
16	14	5.7505e+10	-4.4662e+07	60249	-1.0737	0.99951	406
17	14	5.937e+10	-3.9833e+07	54807	-0.50536	0.99978	407
18	14	5.6174e+10	-3.2028e+07	50083	-0.55141	0.99949	408
19	14	6.1366e+10	-3.4301e+07	44227	-0.30836	0.99972	409
20	14	8.0422e+10	-6.2644e+07	56244	-0.42763	0.99973	410
21	14	4.8649e+10	-1.6869e+06	32110	-0.4232	0.99991	411
22	14	3.6832e+10	1.1198e+07	29346	-0.325	0.99971	412
23	14	2.7503e+10	3.0277e+07	20940	-0.32522	0.99936	413
24	14	3.7892e+10	-2.7489e+06	44289	-0.89866	0.99861	414
25	14	3.6507e+10	-4.066e+06	48694	-1.1494	0.99881	415
26	14	4.0802e+10	-7.3595e+06	44138	-0.79186	0.99963	416
27	14	4.6321e+10	-1.6808e+07	49107	-0.82539	0.99963	417
28	14	3.8708e+10	2.8231e+06	38750	-0.83184	0.99947	418
29	14	3.9018e+10	1.0433e+07	33560	-0.77643	0.99936	419
30	14	5.0566e+10	-7.4554e+06	42436	-0.73364	0.99985	420
1	15	5.877e+10	-2.6678e+07	44977	-0.26915	0.99944	421
2	15	4.8731e+10	-1.0412e+07	39087	-0.36055	0.99931	422
3	15	4.2891e+10	-7.4333e+06	42571	-0.55782	0.99884	423
4	15	5.9866e+10	-5.961e+07	72458	-1.0453	0.99892	424
5	15	5.1675e+10	-3.5047e+07	55461	-0.64239	0.9989	425
6	15	5.1332e+10	-3.7773e+07	53737	-0.66051	0.99895	426
7	15	6.3117e+10	-6.2984e+07	63958	-0.81197	0.99903	427
8	15	6.9131e+10	-7.2829e+07	68563	-1.095	0.99865	428
9	15	6.0418e+10	-4.5218e+07	45745	-0.53431	0.99942	429
10	15	5.9464e+10	-4.4877e+07	65261	-0.32261	0.99976	430
11	15	5.8434e+10	-3.5668e+07	51506	-0.59605	0.99978	431
12	15	5.0691e+10	-2.662e+07	45621	-0.53891	0.99951	432
13	15	4.8594e+10	-2.6658e+07	42949	-0.45513	0.99975	433
14	15	4.991e+10	-3.0137e+07	46360	-0.63324	0.99965	434
15	15	5.0867e+10	-3.8808e+07	55467	-0.90723	0.99941	435
16	15	4.8349e+10	-3.3904e+07	55389	-0.78275	0.99917	436
17	15	5.0565e+10	-3.5478e+07	57923	-0.62714	0.99968	437
18	15	5.2716e+10	-4.356e+07	64675	-0.73199	0.99947	438
19	15	4.8252e+10	-2.3582e+07	45482	-0.28495	0.99979	439
20	15	6.5053e+10	-4.501e+07	51614	-0.39765	0.99971	440
21	15	4.1215e+10	-2.4188e+06	48782	-0.73709	0.99956	441
22	15	1.4587e+10	4.7271e+07	22244	-0.20832	0.99986	442
23	15	1.7132e+10	3.4627e+07	34374	-0.57461	0.99923	443
24	15	3.2241e+10	-1.0693e+07	64893	-1.6138	0.99885	444
25	15	2.8526e+10	6.1046e+06	47634	-1.2702	0.99905	445
26	15	4.1264e+10	-3.8618e+06	34955	-0.74014	0.99989	446
27	15	4.5815e+10	-1.4879e+07	41720	-0.91586	0.99993	447
28	15	3.6547e+10	1.1199e+07	25090	-0.6543	0.99963	448
29	15	4.3227e+10	-2.3435e+06	35419	-0.67234	0.99974	449
30	15	5.9374e+10	-3.5918e+07	56691	-1.0736	0.99942	450
1	16	4.1807e+10	-2.5919e+06	33396	-0.13486	0.99962	451
2	16	3.0744e+10	1.3722e+07	29775	-0.05915	0.99918	452
3	16	3.5414e+10	-1.1686e+07	52772	-0.71881	0.99836	453
4	16	4.3244e+10	-3.5808e+07	60967	-1.0077	0.99835	454
5	16	4.7327e+10	-4.0608e+07	59209	-0.76617	0.99825	455
6	16	4.9022e+10	-4.3847e+07	51770	-0.69721	0.99857	456
7	16	6.6282e+10	-8.0605e+07	65149	-0.87585	0.99828	457
8	16	7.6002e+10	-9.806e+07	71120	-0.86328	0.99769	458
9	16	9.1177e+10	-1.3014e+08	81654	-0.76251	0.99869	459
10	16	6.1664e+10	-4.9816e+07	46365	-0.1334	0.99968	460
11	16	4.1195e+10	-1.668e+07	51136	-0.93075	0.99958	461
12	16	5.2057e+10	-5.0106e+07	69771	-1.3359	0.9993	462
13	16	5.0261e+10	-3.7909e+07	49686	-0.67143	0.99971	463
14	16	5.255e+10	-4.326e+07	52463	-0.76649	0.99963	464
15	16	4.8943e+10	-3.8487e+07	50550	-0.79505	0.99921	465
16	16	4.6145e+10	-3.1195e+07	47243	-0.56792	0.9997	466
17	16	4.9985e+10	-3.4498e+07	49342	-0.33083	0.99975	467
18	16	4.3889e+10	-2.2843e+07	46002	-0.4022	0.99952	468
19	16	5.5604e+10	-5.3339e+07	67427	-0.6657	0.99968	469
20	16	5.3687e+10	-3.586e+07	53817	-0.34326	0.99983	470
21	16	2.8581e+10	3.7356e+07	11340	-0.10476	0.99967	471
22	16	2.6881e+10	1.6156e+07	37469	-0.71524	0.99968	472
23	16	2.0525e+10	1.5408e+07	50630	-1.4085	0.99932	473
24	16	2.6618e+10	-6.7022e+06	67109	-1.9973	0.99902	474
25	16	2.4562e+10	6.511e+06	51938	-1.811	0.99918	475
26	16	4.2937e+10	-1.8615e+07	49385	-1.4558	0.99966	476
27	16	3.5199e+10	2.2344e+06	34086	-0.88974	0.99987	477
28	16	3.1387e+10	1.2164e+07	27720	-0.67266	0.99962	478
29	16	4.1061e+10	-9.1506e+06	43163	-0.92406	0.9995	479
30	16	5.3691e+10	-3.1425e+07	54133	-0.85051	0.99965	480
1	17	2.6886e+10	1.5659e+07	35754	-1.0584	0.99965	481
2	17	2.0939e+10	2.0446e+07	37193	-1.207	0.99957	482
3	17	2.3255e+10	4.2356e+06	50305	-1.6956	0.99886	483
4	17	4.6443e+10	-5.4309e+07	75694	-2.2252	0.99846	484
5	17	4.1607e+10	-3.2174e+07	51406	-1.1366	0.99834	485
6	17	5.1942e+10	-5.8972e+07	57145	-1.0585	0.99815	486
7	17	7.1884e+10	-1.0663e+08	78417	-1.5381	0.99801	487
8	17	7.484e+10	-1.0731e+08	71681	-0.71414	0.99874	488
9	17	8.9e+10	-1.4073e+08	85553	-0.70735	0.99875	489
10	17	6.9715e+10	-8.9003e+07	70917	-0.51927	0.99967	490
11	17	3.8543e+10	-2.3577e+07	55441	-1.3969	0.99967	491
12	17	4.0771e+10	-2.9897e+07	53883	-1.5003	0.99929	492
13	17	4.6157e+10	-4.06e+07	51873	-1.4103	0.99967	493
14	17	4.337e+10	-3.1588e+07	43517	-0.76198	0.99958	494
15	17	4.3149e+10	-3.1718e+07	43161	-0.72616	0.99976	495
16	17	4.1009e+10	-2.9659e+07	45966	-0.4606	0.99952	496
17	17	4.2693e+10	-2.4975e+07	41713	-0.20377	0.9998	497
18	17	4.1147e+10	-2.386e+07	45609	-0.43674	0.99969	498
19	17	3.9938e+10	-3.0504e+07	58761	-0.65152	0.99974	499
20	17	4.7027e+10	-3.8079e+07	61900	-0.21824	0.9998	500
21	17	2.2766e+10	3.6035e+07	16570	-0.022265	0.99969	501
22	17	2.6615e+10	1.3977e+07	34627	-0.68228	0.99986	502
23	17	9.3299e+09	4.8077e+07	20296	-0.4518	0.99957	503
24	17	1.6444e+10	1.866e+07	45166	-1.5571	0.99901	504
25	17	2.0055e+10	1.1187e+07	47333	-0.95921	0.99916	505
26	17	2.8356e+10	9.2461e+05	42740	-0.68638	0.99978	506
27	17	2.6961e+10	1.0294e+07	32554	-0.54104	0.99988	507
28	17	3.1925e+10	-4.424e+05	38161	-0.70563	0.99957	508
29	17	2.9413e+10	1.5865e+07	24066	-0.45457	0.99964	509
30	17	3.992e+10	-9.4691e+06	42313	-0.65583	0.99961	510
1	18	2.6773e+10	1.8357e+06	44440	-0.69513	0.99967	511
2	18	2.0334e+10	7.8997e+06	46150	-0.66937	0.99941	512
3	18	2.278e+10	3.1535e+06	42307	-0.84641	0.99941	513
4	18	3.5407e+10	-3.3367e+07	58782	-1.9041	0.99919	514
5	18	4.3567e+10	-4.9868e+07	65491	-2.7322	0.99839	515
6	18	4.3517e+10	-5.2029e+07	60397	-2.2868	0.99893	516
7	18	5.4758e+10	-7.5811e+07	66543	-1.9007	0.99866	517
8	18	5.5546e+10	-7.771e+07	67604	-1.1765	0.99855	518
9	18	5.7458e+10	-8.0116e+07	64467	-0.69825	0.99906	519
10	18	4.6633e+10	-4.8444e+07	58339	-0.54747	0.99959	520
11	18	4.7374e+10	-4.5643e+07	52274	-0.64284	0.99903	521
12	18	4.0614e+10	-3.5034e+07	45493	-0.84879	0.99972	522
13	18	3.8734e+10	-3.3693e+07	43901	-1.2629	0.99974	523
14	18	3.8672e+10	-3.4371e+07	47316	-1.389	0.99917	524
15	18	3.99e+10	-4.3491e+07	58404	-1.7115	0.99916	525
16	18	2.986e+10	-1.6956e+07	42371	-0.78088	0.99967	526
17	18	2.7878e+10	-5.9753e+06	34705	-0.30114	0.99986	527
18	18	3.018e+10	-1.6516e+07	46237	-0.57256	0.99971	528
19	18	3.2252e+10	-2.1763e+07	49811	-0.46497	0.99981	529
20	18	4.223e+10	-3.6248e+07	55235	-0.19524	0.99989	530
21	18	5.8084e+09	5.4146e+07	20265	-0.16665	0.99987	531
22	18	5.1022e+09	4.6323e+07	27807	-0.65057	0.99986	532
23	18	1.1797e+10	2.7213e+07	39872	-0.85246	0.99959	533
24	18	6.7004e+09	4.3366e+07	23287	-0.72492	0.99908	534
25	18	1.5056e+10	2.5039e+07	29810	-0.56163	0.99939	535
26	18	3.0859e+10	-1.0988e+07	46152	-0.57782	0.9997	536
27	18	2.2697e+10	1.707e+07	22560	-0.23788	0.99978	537
28	18	2.0568e+10	2.3485e+07	18867	-0.24584	0.99985	538
29	18	2.6144e+10	4.3956e+06	39449	-0.84467	0.99955	539
30	18	2.9197e+10	-3.3191e+06	47980	-0.85976	0.99974	540
1	19	1.4353e+10	2.1076e+07	36953	-0.63343	0.9994	541
2	19	1.2512e+10	2.13e+07	38008	-0.65537	0.99947	542
3	19	2.358e+10	-7.657e+06	52098	-1.0701	0.99952	543
4	19	2.9554e+10	-2.306e+07	52038	-1.5189	0.99919	544
5	19	2.6954e+10	-1.6389e+07	47369	-1.4154	0.99955	545
6	19	3.3146e+10	-3.8272e+07	60111	-2.1847	0.99895	546
7	19	3.7412e+10	-4.5649e+07	57403	-1.7211	0.99924	547
8	19	4.113e+10	-5.1789e+07	58182	-1.042	0.99931	548
9	19	4.6679e+10	-6.2901e+07	59139	-0.54866	0.99956	549
10	19	2.8872e+10	-1.2439e+07	38920	-0.073115	0.99972	550
11	19	2.3316e+10	-8.0813e+06	41474	-0.35387	0.99981	551
12	19	2.6436e+10	-2.0399e+07	48389	-0.71113	0.99957	552
13	19	2.7187e+10	-1.9239e+07	38934	-0.58144	0.99982	553
14	19	2.7933e+10	-2.0116e+07	38008	-0.92439	0.99934	554
15	19	2.9672e+10	-2.8359e+07	44914	-1.1406	0.99951	555
16	19	3.0646e+10	-2.9732e+07	46228	-1.3274	0.99977	556
17	19	2.8977e+10	-2.3009e+07	42484	-0.7311	0.99978	557
18	19	2.7103e+10	-1.8282e+07	40260	-0.70363	0.99948	558
19	19	2.5015e+10	-7.9183e+06	28351	-0.26529	0.99975	559
20	19	4.3262e+10	-4.8848e+07	52936	-0.44437	0.99964	560
21	19	5.2227e+09	5.7806e+07	3478.5	0.12133	0.99968	561
22	19	4.4411e+09	4.4181e+07	20432	-0.58289	0.99981	562
23	19	-2.5052e+09	6.1581e+07	9001.1	-0.62234	0.9994	563
24	19	8.825e+09	2.9838e+07	27207	-0.55367	0.99968	564
25	19	1.0927e+10	2.8691e+07	22904	-0.61281	0.99974	565
26	19	3.0644e+10	-2.2444e+07	52619	-0.82285	0.99961	566
27	19	1.7011e+10	2.3483e+07	13963	-0.13676	0.99978	567
28	19	1.6794e+10	2.0316e+07	20956	-0.17844	0.99948	568
29	19	2.0853e+10	9.3544e+05	45597	-0.69265	0.99947	569
30	19	2.2776e+10	-1.7426e+06	50024	-0.93498	0.99963	570
1	20	1.3623e+10	1.9427e+07	30492	-0.11828	0.99961	571
2	20	1.2291e+10	1.5785e+07	37758	-0.34933	0.99946	572
3	20	1.0578e+10	2.2781e+07	27545	-0.23909	0.99908	573
4	20	2.2428e+10	-1.3214e+07	46839	-0.79533	0.99896	574
5	20	2.2563e+10	-1.2375e+07	44817	-0.74827	0.99926	575
6	20	2.3956e+10	-2.1655e+07	50368	-0.86299	0.99927	576
7	20	2.8942e+10	-3.2865e+07	52970	-0.90404	0.99934	577
8	20	2.9107e+10	-3.131e+07	50534	-0.72755	0.9995	578
9	20	3.0583e+10	-3.3072e+07	47850	-0.54433	0.99977	579
10	20	2.4515e+10	-1.6654e+07	50809	-0.077609	0.9998	580
11	20	1.9648e+10	-7.8275e+06	40734	-0.57482	0.99983	581
12	20	2.4585e+10	-2.2934e+07	46556	-0.99404	0.99932	582
13	20	2.9298e+10	-3.6735e+07	49716	-0.98779	0.99918	583
14	20	2.9383e+10	-3.3657e+07	42335	-0.87088	0.99935	584
15	20	2.9997e+10	-3.8117e+07	45729	-0.96148	0.99882	585
16	20	3.4159e+10	-4.8397e+07	50908	-1.0703	0.99894	586
17	20	3.2435e+10	-3.8435e+07	42302	-0.80218	0.99978	587
18	20	3.096e+10	-3.8454e+07	47514	-0.85776	0.99928	588
19	20	2.9128e+10	-3.3305e+07	44223	-0.67632	0.9993	589
20	20	3.215e+10	-3.4399e+07	41977	-0.39472	0.99958	590
21	20	9.9515e+09	3.9465e+07	4250.1	0.20161	0.99959	591
22	20	8.8734e+09	3.2118e+07	14234	-0.13044	0.99969	592
23	20	3.8157e+09	3.9542e+07	14057	-0.53655	0.99937	593
24	20	9.2111e+09	2.446e+07	20757	-0.5525	0.99933	594
25	20	1.3633e+10	2.194e+07	9791.6	-0.045136	0.99974	595
26	20	2.3327e+10	-7.4021e+06	30042	-0.52436	0.99961	596
27	20	2.3169e+10	-9.9366e+06	35246	-0.35825	0.99985	597
28	20	2.1966e+10	-1.1294e+07	42693	-0.76486	0.99949	598
29	20	1.5047e+10	1.3671e+07	24340	-0.40452	0.99954	599
30	20	1.9822e+10	5.5877e+05	37301	-0.66207	0.99972	600
1	21	1.9872e+10	-9.2281e+05	35975	-0.21421	0.99947	601
2	21	1.6446e+10	1.8019e+06	39308	-0.26312	0.9993	602
3	21	1.5532e+10	7.2887e+05	41241	-0.53505	0.99881	603
4	21	2.0372e+10	-1.3557e+07	43316	-0.68622	0.99878	604
5	21	2.0907e+10	-1.47e+07	43620	-0.66806	0.99853	605
6	21	2.3341e+10	-2.4079e+07	47190	-0.68078	0.99833	606
7	21	2.7462e+10	-3.6842e+07	53914	-0.80705	0.99904	607
8	21	2.8285e+10	-3.5224e+07	49952	-0.67311	0.99924	608
9	21	3.1484e+10	-4.1759e+07	50027	-0.5701	0.99927	609
10	21	2.3373e+10	-1.7281e+07	45533	-0.13639	0.99982	610
11	21	2.5111e+10	-2.3982e+07	44602	-1.5625	0.99928	611
12	21	2.1853e+10	-1.8163e+07	39672	-1.1044	0.99963	612
13	21	2.2354e+10	-2.4779e+07	46066	-1.1876	0.99958	613
14	21	2.4747e+10	-3.3752e+07	54575	-1.4655	0.999	614
15	21	2.3928e+10	-3.0081e+07	49107	-1.228	0.99815	615
16	21	2.212e+10	-2.0777e+07	37958	-0.562	0.99942	616
17	21	2.3048e+10	-1.8178e+07	33043	-0.39518	0.99946	617
18	21	2.4028e+10	-2.2202e+07	38363	-0.63733	0.99943	618
19	21	1.8994e+10	-9.613e+06	32236	-0.46957	0.99944	619
20	21	2.7205e+10	-3.1776e+07	51480	-0.75092	0.99926	620
21	21	1.3526e+10	2.5509e+07	8360	-0.088088	0.99982	621
22	21	1.6334e+10	7.4623e+06	26178	-0.377	0.9999	622
23	21	1.3899e+10	4.4474e+06	36746	-1.2817	0.99935	623
24	21	9.6442e+09	1.3585e+07	29213	-1.548	0.99889	624
25	21	1.8878e+10	-1.0787e+07	40517	-1.3429	0.99898	625
26	21	2.7466e+10	-2.5408e+07	34191	-0.9129	0.99952	626
27	21	3.0828e+10	-3.5274e+07	41431	-1.0164	0.99891	627
28	21	2.8699e+10	-3.6385e+07	51000	-1.7176	0.99878	628
29	21	2.6188e+10	-2.0284e+07	34545	-1.2005	0.99833	629
30	21	2.2959e+10	-1.1309e+07	31169	-0.81631	0.99854	630
1	22	1.5769e+10	4.7171e+06	31289	-0.73086	0.99976	631
2	22	1.2775e+10	7.5693e+06	34381	-0.37564	0.99972	632
3	22	1.1081e+10	4.3937e+06	43946	-0.69772	0.99824	633
4	22	1.5628e+10	-9.1549e+06	46065	-0.75235	0.99848	634
5	22	1.4446e+10	-2.689e+06	38084	-0.52318	0.99906	635
6	22	1.7451e+10	-1.3773e+07	42547	-0.56798	0.99935	636
7	22	2.2365e+10	-2.5773e+07	46123	-0.65325	0.99926	637
8	22	2.5265e+10	-3.405e+07	52070	-0.75128	0.99874	638
9	22	2.1445e+10	-2.0173e+07	38466	-0.30698	0.99958	639
10	22	2.1037e+10	-2.1108e+07	53862	0.32117	0.99931	640
11	22	2.3973e+10	-3.2815e+07	46592	-0.91451	0.99876	641
12	22	2.504e+10	-3.6345e+07	44169	-0.8128	0.99853	642
13	22	2.4003e+10	-3.6413e+07	44649	-0.92267	0.99877	643
14	22	2.5288e+10	-4.1012e+07	49899	-1.4065	0.99812	644
15	22	2.274e+10	-3.4902e+07	47200	-1.3198	0.99826	645
16	22	1.8174e+10	-2.0018e+07	37202	-0.80571	0.99895	646
17	22	1.8158e+10	-1.7735e+07	36765	-0.52477	0.99961	647
18	22	1.9044e+10	-2.2366e+07	44112	-0.82005	0.99842	648
19	22	1.7854e+10	-1.5518e+07	36197	-0.58506	0.99923	649
20	22	2.1301e+10	-2.1295e+07	39710	-0.475	0.99945	650
21	22	7.4351e+09	2.4525e+07	19086	-0.43048	0.99988	651
22	22	8.9472e+09	1.574e+07	24383	-0.43363	0.99989	652
23	22	1.3684e+10	-1.4724e+06	35465	-1.1324	0.99921	653
24	22	1.3228e+10	1.8404e+06	26253	-1.425	0.99865	654
25	22	1.995e+10	-1.9761e+07	38919	-1.3713	0.99859	655
26	22	2.3296e+10	-2.9188e+07	40453	-1.0125	0.99941	656
27	22	2.2045e+10	-2.5377e+07	36960	-0.86803	0.99942	657
28	22	2.246e+10	-2.6806e+07	39054	-1.1682	0.99884	658
29	22	2.1963e+10	-2.0799e+07	31745	-0.79524	0.99948	659
30	22	2.0833e+10	-1.8425e+07	34219	-0.70989	0.99954	660
1	23	2.5321e+10	-2.4263e+07	37795	-0.89487	0.99977	661
2	23	1.8034e+10	-9.5982e+06	36273	-0.92295	0.99919	662
3	23	1.2794e+10	-2.9058e+06	44881	-1.1403	0.99866	663
4	23	1.4175e+10	-6.5043e+06	40876	-0.81357	0.99944	664
5	23	1.2699e+10	-1.5709e+06	37440	-0.61216	0.99949	665
6	23	1.4393e+10	-1.0674e+07	43925	-0.6572	0.99957	666
7	23	2.1336e+10	-2.9044e+07	52406	-0.82791	0.99928	667
8	23	2.1928e+10	-2.8687e+07	49609	-0.74897	0.99958	668
9	23	2.0854e+10	-1.9039e+07	33311	-0.096681	0.99959	669
10	23	2.101e+10	-2.1854e+07	50435	0.38688	0.99949	670
11	23	3.3347e+10	-6.759e+07	62999	-2.8981	0.99792	671
12	23	2.7559e+10	-5.2161e+07	52457	-1.6166	0.99737	672
13	23	1.9929e+10	-3.3729e+07	45304	-1.5979	0.99831	673
14	23	1.8023e+10	-2.8094e+07	44298	-1.3316	0.9985	674
15	23	1.6153e+10	-2.3769e+07	42101	-1.2242	0.99718	675
16	23	1.9257e+10	-3.08e+07	44120	-1.2673	0.99746	676
17	23	1.8939e+10	-2.5034e+07	36310	-0.81252	0.99923	677
18	23	1.9732e+10	-2.8103e+07	40173	-0.79453	0.99919	678
19	23	1.6961e+10	-2.0123e+07	36245	-0.55133	0.99947	679
20	23	2.2431e+10	-3.4027e+07	47562	-0.75669	0.99847	680
21	23	1.2488e+10	9.4176e+06	25986	-0.39264	0.99982	681
22	23	8.2699e+09	1.6062e+07	21350	-0.32662	0.99971	682
23	23	1.3475e+10	-9.5797e+05	30601	-0.60753	0.99919	683
24	23	1.3887e+10	-2.8032e+06	27544	-0.84045	0.99907	684
25	23	1.8035e+10	-2.2745e+07	47077	-1.7286	0.99728	685
26	23	2.1836e+10	-3.1427e+07	43406	-0.96338	0.99895	686
27	23	2.303e+10	-3.5638e+07	44844	-0.80254	0.99894	687
28	23	2.6689e+10	-4.465e+07	45983	-0.85736	0.99839	688
29	23	2.9811e+10	-4.9255e+07	43910	-0.86278	0.99898	689
30	23	2.8469e+10	-4.687e+07	47492	-1.0166	0.99818	690
1	24	1.7528e+10	-8.1801e+06	29915	-0.26972	0.99987	691
2	24	1.486e+10	-5.6544e+06	34751	-0.23514	0.99904	692
3	24	1.2137e+10	-1.6842e+06	37521	-0.624	0.99917	693
4	24	1.554e+10	-1.2522e+07	40462	-0.90831	0.99953	694
5	24	1.2678e+10	-1.2749e+06	29945	-0.76417	0.99951	695
6	24	1.316e+10	-7.549e+06	37304	-0.83142	0.99915	696
7	24	1.9077e+10	-2.7194e+07	52239	-0.93894	0.99957	697
8	24	2.1411e+10	-3.1291e+07	53317	-0.74477	0.99939	698
9	24	1.5401e+10	-5.3872e+06	24761	-0.0089846	0.99963	699
10	24	1.6925e+10	-1.4827e+07	48923	0.734	0.99924	700
11	24	1.6451e+10	-1.6704e+07	33873	-0.58699	0.99951	701
12	24	1.7274e+10	-2.2304e+07	37660	-0.86576	0.99902	702
13	24	1.7717e+10	-2.7765e+07	44009	-1.6894	0.999	703
14	24	1.719e+10	-2.5422e+07	40426	-1.41	0.99847	704
15	24	1.7139e+10	-2.5858e+07	39588	-1.2803	0.99831	705
16	24	1.6815e+10	-2.5758e+07	40064	-0.98914	0.99809	706
17	24	1.8616e+10	-2.8364e+07	39586	-0.74378	0.99894	707
18	24	1.6131e+10	-2.1497e+07	34844	-0.61336	0.99927	708
19	24	1.7031e+10	-2.7702e+07	44323	-0.93711	0.99876	709
20	24	1.835e+10	-2.8578e+07	43364	-0.74489	0.99926	710
21	24	1.4379e+10	8.8013e+06	18649	-0.10096	0.9997	711
22	24	1.0231e+10	7.4213e+06	29829	-0.25029	0.9998	712
23	24	7.1999e+09	7.4323e+06	38399	-0.92452	0.99942	713
24	24	7.1516e+09	9.1201e+06	30473	-0.98927	0.99856	714
25	24	1.7056e+10	-1.6678e+07	35412	-1.0118	0.99907	715
26	24	2.2628e+10	-3.7117e+07	44817	-1.1139	0.99844	716
27	24	2.2172e+10	-3.8621e+07	46207	-1.0795	0.99883	717
28	24	2.4649e+10	-4.6928e+07	49595	-1.4837	0.99767	718
29	24	2.5269e+10	-4.7755e+07	48281	-1.4862	0.99816	719
30	24	2.5916e+10	-4.8417e+07	47629	-1.1356	0.99868	720
1	25	1.8095e+10	-1.3265e+07	29654	-0.059659	0.99921	721
2	25	1.1988e+10	7.1632e+05	25387	0.06416	0.99856	722
3	25	1.0249e+10	-8.2369e+05	36382	-0.5158	0.99807	723
4	25	1.2792e+10	-1.2274e+07	42456	-0.70206	0.99955	724
5	25	1.4404e+10	-1.1827e+07	35784	-0.62642	0.99957	725
6	25	1.5084e+10	-1.4705e+07	34183	-1.0462	0.99975	726
7	25	1.8145e+10	-2.627e+07	44631	-1.221	0.99971	727
8	25	1.9817e+10	-3.1715e+07	50291	-0.94955	0.99946	728
9	25	1.9059e+10	-2.6995e+07	42751	-0.40573	0.99983	729
10	25	2.096e+10	-3.5787e+07	63096	1.1265	0.99924	730
11	25	1.3599e+10	-1.4885e+07	37436	-0.73161	0.99935	731
12	25	1.6272e+10	-2.4866e+07	39808	-0.82618	0.99869	732
13	25	2.3057e+10	-4.7282e+07	49510	-1.3111	0.99795	733
14	25	2.1603e+10	-4.585e+07	50241	-1.4978	0.99754	734
15	25	1.9277e+10	-4.0003e+07	46262	-1.6126	0.99764	735
16	25	1.756e+10	-3.5201e+07	44904	-1.587	0.99759	736
17	25	1.6158e+10	-3.0056e+07	42575	-1.0865	0.99859	737
18	25	1.695e+10	-3.2107e+07	41545	-1.0035	0.99779	738
19	25	1.7067e+10	-3.3045e+07	40596	-0.73829	0.99851	739
20	25	1.8712e+10	-3.9576e+07	50267	-1.4242	0.99803	740
21	25	1.0746e+10	9.9335e+06	19523	-0.13625	0.99979	741
22	25	8.6322e+09	1.0847e+07	21192	-0.18742	0.99997	742
23	25	5.7281e+09	1.157e+07	29360	-0.58969	0.99961	743
24	25	4.8292e+09	7.3122e+06	37212	-1.5511	0.99875	744
25	25	1.1686e+10	-9.5616e+06	35076	-1.2248	0.99866	745
26	25	1.8106e+10	-3.0577e+07	40054	-1.2502	0.99862	746
27	25	1.9744e+10	-3.8376e+07	43626	-1.3603	0.99822	747
28	25	2.2949e+10	-5.2544e+07	53393	-1.6927	0.9977	748
29	25	2.2086e+10	-5.0417e+07	51558	-1.7312	0.99774	749
30	25	2.2087e+10	-4.9939e+07	50866	-1.2685	0.99757	750
1	26	1.4174e+10	-9.0883e+06	29793	-0.2284	0.99981	751
2	26	1.1367e+10	-3.0322e+06	27094	-0.072457	0.9996	752
3	26	1.1636e+10	-8.848e+06	36030	-0.57738	0.99886	753
4	26	1.5982e+10	-2.4347e+07	43748	-0.75003	0.99898	754
5	26	1.5342e+10	-2.0784e+07	40068	-0.99875	0.99866	755
6	26	1.5909e+10	-2.254e+07	36779	-1.194	0.99939	756
7	26	1.8758e+10	-3.2351e+07	43152	-1.4986	0.99931	757
8	26	1.9343e+10	-3.479e+07	47302	-1.2706	0.99926	758
9	26	1.7542e+10	-2.6636e+07	38097	-0.51618	0.99957	759
10	26	1.9291e+10	-3.5092e+07	60620	0.39443	0.99931	760
11	26	1.7417e+10	-2.7474e+07	40595	-1.2217	0.99917	761
12	26	1.5753e+10	-2.319e+07	36486	-0.90647	0.99928	762
13	26	1.4232e+10	-2.1811e+07	37383	-1.0972	0.99922	763
14	26	1.5219e+10	-2.4516e+07	37094	-1.1235	0.9993	764
15	26	1.624e+10	-2.9168e+07	40433	-1.2344	0.99718	765
16	26	1.2966e+10	-2.0409e+07	39474	-1.3189	0.99814	766
17	26	1.296e+10	-1.9326e+07	38750	-1.0497	0.99961	767
18	26	1.1888e+10	-1.748e+07	37629	-1.0372	0.99825	768
19	26	1.4602e+10	-2.5987e+07	37220	-0.73023	0.99883	769
20	26	1.4847e+10	-2.814e+07	44689	-1.1741	0.99833	770
21	26	7.1441e+09	1.0338e+07	21940	-0.32259	0.99995	771
22	26	8.7803e+09	1.0912e+06	29108	-0.56754	0.9997	772
23	26	1.0587e+10	-2.5181e+06	22742	-0.51635	0.99902	773
24	26	1.0239e+10	-7.5272e+06	29235	-0.97753	0.99843	774
25	26	1.2262e+10	-1.6843e+07	33395	-1.5924	0.99843	775
26	26	1.5594e+10	-3.1815e+07	43234	-1.4829	0.99772	776
27	26	1.5254e+10	-3.1192e+07	38700	-1.1191	0.99757	777
28	26	1.5992e+10	-3.7446e+07	46724	-1.7976	0.99606	778
29	26	1.759e+10	-4.2105e+07	46396	-1.3682	0.99793	779
30	26	1.5707e+10	-3.5781e+07	43724	-1.2026	0.99785	780
1	27	1.2226e+10	-8.3071e+06	29404	-0.15338	0.99928	781
2	27	1.2355e+10	-1.1835e+07	32382	-0.27556	0.9992	782
3	27	1.2203e+10	-1.5023e+07	36776	-0.5409	0.9994	783
4	27	1.4496e+10	-2.3701e+07	37568	-0.71103	0.99912	784
5	27	1.3809e+10	-2.3532e+07	41845	-1.0023	0.99913	785
6	27	1.2351e+10	-1.9427e+07	36365	-1.2139	0.99976	786
7	27	1.6516e+10	-3.3633e+07	45889	-1.7585	0.99944	787
8	27	1.7133e+10	-3.3622e+07	43927	-1.2513	0.99934	788
9	27	1.3203e+10	-2.0268e+07	35279	-0.60313	0.99946	789
10	27	1.5416e+10	-3.295e+07	64947	0.9675	0.99917	790
11	27	1.2255e+10	-8.6548e+06	34273	-0.68186	0.99963	791
12	27	1.0544e+10	-6.2482e+06	34918	-0.81019	0.99953	792
13	27	1.1211e+10	-9.2344e+06	34442	-0.90695	0.99979	793
14	27	1.1353e+10	-8.8212e+06	32168	-0.71881	0.99947	794
15	27	1.1706e+10	-1.3277e+07	40722	-1.0926	0.998	795
16	27	9.1325e+09	-4.3109e+06	34358	-0.97195	0.99873	796
17	27	8.5798e+09	-4.1016e+06	39839	-0.94632	0.99959	797
18	27	1.1219e+10	-1.3538e+07	44586	-1.4589	0.99883	798
19	27	1.2724e+10	-1.4527e+07	33157	-0.47638	0.99966	799
20	27	1.6177e+10	-2.3615e+07	38682	-0.74303	0.999	800
21	27	9.2934e+09	-2.719e+06	27684	-0.55671	0.99971	801
22	27	7.7036e+09	1.7791e+06	18628	-0.17584	0.99968	802
23	27	1.1444e+10	-1.2073e+07	26199	-0.59946	0.99844	803
24	27	9.0729e+09	-8.8402e+06	29959	-0.97506	0.99902	804
25	27	8.9091e+09	-9.4953e+06	31364	-1.3732	0.99878	805
26	27	9.1874e+09	-1.1304e+07	30367	-1.1277	0.99913	806
27	27	1.0636e+10	-1.4957e+07	27175	-0.81777	0.9993	807
28	27	1.3059e+10	-2.8723e+07	43086	-1.4641	0.9975	808
29	27	1.3207e+10	-2.8924e+07	39203	-1.2339	0.998	809
30	27	1.2447e+10	-2.6629e+07	39452	-1.0435	0.99826	810
1	28	1.7414e+10	-3.534e+07	41868	-0.54846	0.99842	811
2	28	1.445e+10	-2.7126e+07	39090	-0.50236	0.9986	812
3	28	9.6038e+09	-1.1924e+07	33238	-0.66296	0.99862	813
4	28	1.1402e+10	-1.9615e+07	37432	-0.95276	0.99904	814
5	28	1.1687e+10	-2.1177e+07	41581	-1.4761	0.99914	815
6	28	1.0893e+10	-1.966e+07	40907	-1.3099	0.99961	816
7	28	1.3834e+10	-3.005e+07	49116	-1.6572	0.99759	817
8	28	1.3318e+10	-2.6883e+07	42372	-1.263	0.9992	818
9	28	1.3851e+10	-2.8556e+07	39671	-0.86985	0.99953	819
10	28	1.452e+10	-3.2279e+07	58219	-0.21957	0.99948	820
11	28	1.0973e+10	-8.4805e+06	37070	-0.77901	0.99981	821
12	28	1.1547e+10	-1.3424e+07	43380	-1.1885	0.99935	822
13	28	1.0979e+10	-8.9194e+06	31391	-0.80316	0.99941	823
14	28	1.0448e+10	-7.8268e+06	31651	-0.6283	0.99975	824
15	28	9.5801e+09	-6.6573e+06	34232	-0.80768	0.99941	825
16	28	7.2615e+09	8.682e+05	33532	-0.69657	0.9993	826
17	28	6.6016e+09	2.4377e+06	38806	-0.69746	0.99973	827
18	28	7.1274e+09	1.7592e+06	35012	-0.91693	0.99971	828
19	28	6.599e+09	2.2464e+06	35330	-0.43128	0.99982	829
20	28	6.5243e+09	4.118e+06	36749	-0.27864	0.99978	830
21	28	7.9223e+09	-2.2727e+06	21530	-0.35237	0.99986	831
22	28	7.3073e+09	-5.5015e+06	29448	-0.72361	0.99957	832
23	28	9.186e+09	-1.1765e+07	29980	-0.94161	0.99891	833
24	28	8.2431e+09	-9.3369e+06	27898	-0.96739	0.99913	834
25	28	7.8795e+09	-8.1889e+06	27648	-0.78598	0.9992	835
26	28	8.3261e+09	-8.4987e+06	25176	-0.89703	0.99945	836
27	28	7.0386e+09	-6.4665e+06	29298	-0.77137	0.99975	837
28	28	7.5971e+09	-7.6875e+06	28119	-0.65345	0.99918	838
29	28	6.7911e+09	-7.142e+06	30659	-0.76929	0.99945	839
30	28	8.5123e+09	-1.2448e+07	32842	-0.77594	0.99928	840
1	29	8.5344e+09	-6.9526e+06	27728	-0.30476	0.99979	841
2	29	9.4537e+09	-1.0467e+07	28269	-0.29444	0.99902	842
3	29	9.0192e+09	-9.4881e+06	31483	-0.60153	0.99806	843
4	29	1.2416e+10	-2.5237e+07	43126	-1.604	0.99741	844
5	29	1.1826e+10	-2.2747e+07	39829	-1.5219	0.99866	845
6	29	1.0167e+10	-1.9724e+07	40795	-1.5328	0.99885	846
7	29	1.0891e+10	-2.2939e+07	41939	-1.411	0.99922	847
8	29	1.1226e+10	-2.409e+07	42060	-1.3637	0.99868	848
9	29	1.2991e+10	-2.9534e+07	41420	-1.3105	0.99816	849
10	29	1.242e+10	-2.8233e+07	56815	-0.54826	0.99982	850
11	29	1.0942e+10	-1.1846e+07	40228	-1.0134	0.99945	851
12	29	1.0533e+10	-1.2157e+07	39800	-1.1167	0.99948	852
13	29	9.4264e+09	-9.4698e+06	37964	-0.91841	0.99966	853
14	29	9.3864e+09	-7.109e+06	35866	-0.75459	0.99957	854
15	29	9.7529e+09	-7.0318e+06	36339	-0.88195	0.99921	855
16	29	7.1947e+09	-1.6898e+06	43807	-0.9415	0.99928	856
17	29	6.5756e+09	3.0332e+06	44782	-0.77343	0.9999	857
18	29	7.3956e+09	-1.298e+06	51927	-0.81066	0.99973	858
19	29	7.373e+09	-2.6454e+06	57148	-0.82393	0.99975	859
20	29	5.759e+09	5.1925e+06	55549	-0.3219	0.99984	860
21	29	1.0409e+10	-1.8922e+07	31665	-0.84658	0.99944	861
22	29	8.8925e+09	-1.5221e+07	31640	-0.97272	0.99881	862
23	29	7.3189e+09	-1.0336e+07	27381	-0.78419	0.9987	863
24	29	6.3202e+09	-9.8344e+06	30506	-1.241	0.99804	864
25	29	8.1458e+09	-1.5079e+07	28547	-0.75991	0.99901	865
26	29	7.3726e+09	-1.3367e+07	31194	-1.0021	0.99854	866
27	29	6.6026e+09	-1.0509e+07	31187	-1.4432	0.99848	867
28	29	6.1091e+09	-1.052e+07	34019	-1.4572	0.99844	868
29	29	6.2077e+09	-1.0618e+07	32076	-1.0424	0.99855	869
30	29	8.0387e+09	-1.7555e+07	31746	-0.97115	0.99928	870
1	30	9.5029e+09	-1.1781e+07	29787	-0.41642	0.99964	871
2	30	9.1643e+09	-1.2517e+07	32035	-0.54944	0.99955	872
3	30	7.0122e+09	-4.9643e+06	27695	-0.4055	0.99894	873
4	30	9.0929e+09	-1.7104e+07	37576	-1.3209	0.99813	874
5	30	9.0939e+09	-1.7269e+07	35679	-1.2112	0.99872	875
6	30	9.0077e+09	-1.9209e+07	38161	-1.8289	0.9986	876
7	30	1.1404e+10	-2.8913e+07	43116	-1.7845	0.9981	877
8	30	1.1323e+10	-2.6806e+07	39376	-1.0443	0.99857	878
9	30	1.0921e+10	-2.5484e+07	40189	-1.3705	0.99772	879
10	30	1.0945e+10	-2.5845e+07	58870	-0.57043	0.99964	880
11	30	8.6547e+09	-5.8834e+06	41156	-1.0731	0.99944	881
12	30	8.2017e+09	-5.7588e+06	39558	-1.005	0.99963	882
13	30	9.8237e+09	-1.2504e+07	44846	-1.123	0.9996	883
14	30	1.0842e+10	-1.3414e+07	40979	-0.96081	0.99942	884
15	30	1.0384e+10	-1.1356e+07	35220	-1.0834	0.99922	885
16	30	7.95e+09	-6.1585e+06	46057	-1.0744	0.99908	886
17	30	5.0311e+09	5.3725e+06	40940	-0.38391	0.99955	887
18	30	7.7803e+09	-3.7638e+06	44046	-0.5441	0.99969	888
19	30	7.1459e+09	-3.472e+06	44242	-0.92051	0.99927	889
20	30	8.8577e+09	-1.0064e+07	56312	-0.6238	0.99966	890
21	30	6.2842e+09	-6.7476e+06	28345	-0.7896	0.9996	891
22	30	7.7957e+09	-1.4043e+07	27993	-0.69545	0.99949	892
23	30	7.1101e+09	-1.4471e+07	32584	-1.2107	0.99781	893
24	30	7.4787e+09	-1.8618e+07	32965	-1.3696	0.99731	894
25	30	6.2826e+09	-1.5759e+07	32629	-1.2917	0.99885	895
26	30	6.7386e+09	-1.6824e+07	31679	-1.2953	0.99883	896
27	30	7.1089e+09	-1.8565e+07	34663	-1.4609	0.99803	897
28	30	5.0545e+09	-1.0144e+07	30089	-1.3439	0.99818	898
29	30	6.4694e+09	-1.4268e+07	32383	-1.3335	0.99795	899
30	30	5.9819e+09	-1.2762e+07	30125	-1.0562	0.99817	900
1	31	8.7388e+09	-1.6553e+07	33400	-0.77997	0.99892	901
2	31	8.4258e+09	-1.6199e+07	33374	-0.81868	0.99904	902
3	31	8.2223e+09	-1.4369e+07	30906	-0.76215	0.99822	903
4	31	8.2698e+09	-1.8411e+07	37050	-1.377	0.9977	904
5	31	8.986e+09	-2.1525e+07	40308	-1.7856	0.99755	905
6	31	6.5876e+09	-1.1831e+07	32014	-1.2139	0.99896	906
7	31	7.5691e+09	-1.6875e+07	37748	-1.1486	0.9986	907
8	31	8.236e+09	-1.8201e+07	41789	-1.1485	0.99829	908
9	31	8.4597e+09	-1.8721e+07	41373	-0.95297	0.9991	909
10	31	9.7963e+09	-2.3496e+07	60980	0.66659	0.99957	910
11	31	8.7594e+09	-7.3154e+06	40078	-1.1462	0.99945	911
12	31	8.4789e+09	-9.4379e+06	42709	-1.1382	0.99958	912
13	31	8.5933e+09	-1.1109e+07	43783	-1.3183	0.99953	913
14	31	8.5361e+09	-1.0371e+07	41663	-1.0728	0.99959	914
15	31	8.1274e+09	-8.3359e+06	33508	-0.95761	0.9991	915
16	31	6.2168e+09	-4.0891e+06	37545	-0.87563	0.99915	916
17	31	5.358e+09	-63466	34077	-0.59737	0.99957	917
18	31	5.9504e+09	-2.812e+06	34798	-0.64926	0.99946	918
19	31	3.2884e+09	5.0422e+06	35218	-0.93071	0.99919	919
20	31	6.9404e+09	-8.8886e+06	56693	-0.39525	0.99961	920
21	31	6.1667e+09	-8.343e+06	26003	-0.65714	0.99984	921
22	31	5.2757e+09	-7.6434e+06	28363	-0.66918	0.99955	922
23	31	5.7102e+09	-1.2768e+07	31850	-1.2601	0.99855	923
24	31	6.6953e+09	-1.8635e+07	34049	-1.4311	0.99656	924
25	31	5.8472e+09	-1.6718e+07	35314	-1.5519	0.99646	925
26	31	5.3328e+09	-1.5148e+07	30437	-1.2885	0.99859	926
27	31	5.5049e+09	-1.5426e+07	30881	-1.2147	0.99881	927
28	31	4.0235e+09	-7.9461e+06	28596	-1.1292	0.99915	928
29	31	4.5193e+09	-8.6035e+06	27763	-1.1825	0.99916	929
30	31	5.2126e+09	-1.1214e+07	29817	-0.98308	0.99918	930
1	32	3.8443e+09	3.4375e+06	36554	-1.344	0.99974	931
2	32	5.4494e+09	-3.6769e+06	41626	-1.4527	0.99832	932
3	32	6.5899e+09	-6.1937e+06	32494	-0.89566	0.99901	933
4	32	7.2372e+09	-1.3095e+07	32956	-1.6596	0.99847	934
5	32	6.7444e+09	-1.1205e+07	30074	-1.302	0.99912	935
6	32	5.6081e+09	-6.7526e+06	30422	-0.76187	0.99963	936
7	32	6.1507e+09	-8.5162e+06	32682	-0.99128	0.99884	937
8	32	6.8008e+09	-1.0363e+07	36571	-1.0479	0.9992	938
9	32	7.5575e+09	-1.6634e+07	49927	-0.7259	0.99967	939
10	32	1.2072e+10	-3.7296e+07	92626	3.8575	0.99771	940
11	32	5.6717e+09	-9.5063e+05	47121	-1.9562	0.9995	941
12	32	6.6965e+09	-3.9658e+06	42201	-1.2545	0.99949	942
13	32	6.0952e+09	-3.5298e+06	40327	-1.0702	0.9997	943
14	32	5.3794e+09	-4.5847e+05	38311	-1.0132	0.99974	944
15	32	5.3754e+09	3.9752e+06	32419	-0.96451	0.99933	945
16	32	5.0539e+09	3.4497e+06	45808	-1.3404	0.99891	946
17	32	4.1789e+09	6.7566e+06	43305	-0.88689	0.99964	947
18	32	4.1372e+09	1.3842e+06	46691	-1.1294	0.99937	948
19	32	3.9611e+09	2.416e+06	45493	-0.93322	0.99956	949
20	32	1.1752e+10	-2.625e+07	80413	0.68272	0.99974	950
21	32	5.8879e+09	-9.2306e+06	34675	-1.5491	0.99932	951
22	32	4.0664e+09	-3.8188e+06	27436	-0.96855	0.99981	952
23	32	4.6625e+09	-8.7331e+06	32035	-1.4795	0.99893	953
24	32	4.0388e+09	-7.6922e+06	31988	-1.4306	0.99867	954
25	32	4.8597e+09	-1.0073e+07	33691	-1.4928	0.99853	955
26	32	5.2988e+09	-1.52e+07	35108	-1.7718	0.99765	956
27	32	5.5534e+09	-1.5433e+07	34002	-1.6002	0.99847	957
28	32	4.6045e+09	-9.311e+06	30671	-1.3435	0.99895	958
29	32	3.709e+09	-3.5589e+06	31295	-1.0862	0.99898	959
30	32	4.82e+09	-6.9333e+06	36585	-1.1614	0.99923	960
